0.366211 89.114
0.368865 89.114
0.371538 89.114
0.374230 89.114
0.376942 89.114
0.379673 89.114
0.382424 89.114
0.385196 89.114
0.387987 89.114
0.390798 89.114
0.393630 89.114
0.396483 89.114
0.399356 89.114
0.402250 89.114
0.405165 89.114
0.408101 89.114
0.411058 89.114
0.414037 89.114
0.417037 89.114
0.420059 89.114
0.423103 89.114
0.426169 89.114
0.429257 89.114
0.432368 89.114
0.435501 89.114
0.438656 89.114
0.441835 89.114
0.445037 89.114
0.448262 89.114
0.451510 89.114
0.454782 89.114
0.458077 89.114
0.461397 89.114
0.464740 89.114
0.468108 89.114
0.471500 89.114
0.474917 89.114
0.478358 89.114
0.481825 89.114
0.485316 89.114
0.488833 89.114
0.492375 89.114
0.495943 89.114
0.499537 89.114
0.503157 89.114
0.506803 89.114
0.510475 89.114
0.514175 89.114
0.517900 89.114
0.521653 89.114
0.525434 89.114
0.529241 89.114
0.533076 89.114
0.536939 89.114
0.540830 89.114
0.544749 89.114
0.548696 89.114
0.552673 89.114
0.556677 89.114
0.560711 89.114
0.564774 89.114
0.568867 89.114
0.572989 89.114
0.577141 89.114
0.581324 89.114
0.585536 89.114
0.589779 89.114
0.594053 89.114
0.598358 89.114
0.602694 89.115
0.607061 89.115
0.611460 89.115
0.615891 89.115
0.620354 89.115
0.624849 89.115
0.629377 89.115
0.633938 89.115
0.638532 89.115
0.643159 89.115
0.647819 89.115
0.652514 89.115
0.657242 89.115
0.662005 89.115
0.666802 89.115
0.671634 89.115
0.676501 89.115
0.681403 89.115
0.686341 89.115
0.691314 89.115
0.696324 89.115
0.701370 89.115
0.706452 89.115
0.711571 89.115
0.716728 89.115
0.721921 89.115
0.727153 89.115
0.732422 89.115
0.737729 89.115
0.743075 89.115
0.748460 89.115
0.753883 89.115
0.759346 89.115
0.764849 89.115
0.770391 89.115
0.775974 89.115
0.781597 89.115
0.787261 89.115
0.792966 89.115
0.798712 89.115
0.804500 89.115
0.810329 89.116
0.816201 89.116
0.822116 89.116
0.828073 89.116
0.834074 89.116
0.840118 89.116
0.846206 89.116
0.852338 89.116
0.858514 89.116
0.864735 89.116
0.871001 89.116
0.877313 89.116
0.883670 89.116
0.890074 89.116
0.896524 89.116
0.903020 89.116
0.909564 89.116
0.916155 89.116
0.922794 89.116
0.929481 89.116
0.936216 89.116
0.943000 89.116
0.949834 89.116
0.956717 89.116
0.963649 89.116
0.970632 89.116
0.977666 89.117
0.984750 89.117
0.991886 89.117
0.999074 89.117
1.006314 89.117
1.013606 89.117
1.020951 89.117
1.028349 89.117
1.035801 89.117
1.043307 89.117
1.050867 89.117
1.058482 89.117
1.066152 89.117
1.073878 89.117
1.081660 89.117
1.089498 89.117
1.097393 89.117
1.105345 89.117
1.113355 89.117
1.121423 89.118
1.129549 89.118
1.137734 89.118
1.145979 89.118
1.154283 89.118
1.162647 89.118
1.171072 89.118
1.179558 89.118
1.188106 89.118
1.196715 89.118
1.205387 89.118
1.214122 89.118
1.222920 89.118
1.231782 89.118
1.240708 89.118
1.249699 89.118
1.258754 89.119
1.267876 89.119
1.277063 89.119
1.286318 89.119
1.295639 89.119
1.305027 89.119
1.314484 89.119
1.324009 89.119
1.333604 89.119
1.343268 89.119
1.353002 89.119
1.362806 89.119
1.372681 89.119
1.382628 89.119
1.392647 89.120
1.402739 89.120
1.412904 89.120
1.423142 89.120
1.433455 89.120
1.443843 89.120
1.454305 89.120
1.464844 89.120
1.475459 89.120
1.486150 89.120
1.496920 89.120
1.507767 89.120
1.518693 89.121
1.529698 89.121
1.540783 89.121
1.551948 89.121
1.563194 89.121
1.574521 89.121
1.585931 89.121
1.597423 89.121
1.608999 89.121
1.620658 89.121
1.632402 89.121
1.644232 89.122
1.656146 89.122
1.668147 89.122
1.680235 89.122
1.692411 89.122
1.704675 89.122
1.717028 89.122
1.729470 89.122
1.742003 89.122
1.754626 89.122
1.767341 89.123
1.780147 89.123
1.793047 89.123
1.806040 89.123
1.819128 89.123
1.832310 89.123
1.845587 89.123
1.858961 89.123
1.872432 89.123
1.886001 89.124
1.899667 89.124
1.913433 89.124
1.927299 89.124
1.941265 89.124
1.955332 89.124
1.969501 89.124
1.983773 89.124
1.998148 89.124
2.012627 89.125
2.027212 89.125
2.041902 89.125
2.056698 89.125
2.071602 89.125
2.086614 89.125
2.101734 89.125
2.116964 89.125
2.132304 89.126
2.147756 89.126
2.163320 89.126
2.178996 89.126
2.194786 89.126
2.210690 89.126
2.226710 89.126
2.242845 89.126
2.259098 89.126
2.275468 89.127
2.291957 89.127
2.308566 89.127
2.325295 89.127
2.342145 89.127
2.359117 89.127
2.376212 89.127
2.393431 89.127
2.410775 89.128
2.428244 89.128
2.445840 89.128
2.463564 89.128
2.481416 89.128
2.499397 89.128
2.517509 89.128
2.535752 89.128
2.554127 89.129
2.572635 89.129
2.591277 89.129
2.610055 89.129
2.628968 89.129
2.648019 89.129
2.667208 89.129
2.686535 89.129
2.706003 89.130
2.725612 89.130
2.745363 89.130
2.765257 89.130
2.785295 89.130
2.805478 89.130
2.825808 89.130
2.846285 89.130
2.866910 89.131
2.887685 89.131
2.908611 89.131
2.929688 89.131
2.950917 89.131
2.972301 89.131
2.993839 89.131
3.015534 89.131
3.037386 89.131
3.059396 89.132
3.081565 89.132
3.103896 89.132
3.126388 89.132
3.149043 89.132
3.171862 89.132
3.194847 89.132
3.217998 89.132
3.241317 89.132
3.264805 89.132
3.288463 89.133
3.312293 89.133
3.336295 89.133
3.360471 89.133
3.384822 89.133
3.409350 89.133
3.434056 89.133
3.458940 89.133
3.484005 89.133
3.509252 89.133
3.534681 89.133
3.560295 89.134
3.586094 89.134
3.612081 89.134
3.638255 89.134
3.664620 89.134
3.691175 89.134
3.717923 89.134
3.744864 89.134
3.772001 89.134
3.799335 89.134
3.826866 89.135
3.854597 89.135
3.882529 89.135
3.910664 89.135
3.939002 89.135
3.967546 89.135
3.996296 89.135
4.025255 89.135
4.054423 89.135
4.083804 89.135
4.113396 89.136
4.143204 89.136
4.173227 89.136
4.203468 89.136
4.233928 89.136
4.264609 89.136
4.295512 89.136
4.326639 89.136
4.357992 89.137
4.389572 89.137
4.421380 89.137
4.453419 89.137
4.485691 89.137
4.518196 89.137
4.550936 89.138
4.583914 89.138
4.617131 89.138
4.650589 89.138
4.684289 89.138
4.718233 89.138
4.752424 89.139
4.786862 89.139
4.821549 89.139
4.856488 89.139
4.891680 89.140
4.927127 89.140
4.962831 89.140
4.998794 89.140
5.035017 89.141
5.071503 89.141
5.108253 89.141
5.145270 89.142
5.182555 89.142
5.220110 89.142
5.257937 89.143
5.296038 89.143
5.334415 89.144
5.373071 89.144
5.412006 89.144
5.451224 89.145
5.490725 89.145
5.530514 89.146
5.570590 89.146
5.610957 89.147
5.651616 89.147
5.692570 89.148
5.733821 89.148
5.775370 89.149
5.817221 89.150
5.859375 89.150
5.901834 89.151
5.944602 89.151
5.987679 89.152
6.031068 89.153
6.074771 89.153
6.118792 89.154
6.163131 89.155
6.207792 89.156
6.252776 89.156
6.298086 89.157
6.343725 89.158
6.389694 89.159
6.435996 89.160
6.482634 89.160
6.529610 89.161
6.576926 89.162
6.624585 89.163
6.672590 89.164
6.720942 89.165
6.769645 89.166
6.818700 89.167
6.868111 89.168
6.917881 89.169
6.968010 89.170
7.018504 89.171
7.069362 89.172
7.120590 89.173
7.172189 89.174
7.224161 89.175
7.276511 89.176
7.329239 89.178
7.382350 89.179
7.435845 89.180
7.489729 89.181
7.544002 89.182
7.598669 89.183
7.653732 89.184
7.709194 89.185
7.765058 89.187
7.821327 89.188
7.878004 89.189
7.935091 89.190
7.992592 89.191
8.050510 89.192
8.108847 89.194
8.167607 89.195
8.226793 89.196
8.286408 89.197
8.346454 89.198
8.406936 89.199
8.467856 89.200
8.529218 89.202
8.591024 89.203
8.653278 89.204
8.715983 89.205
8.779143 89.206
8.842760 89.207
8.906839 89.208
8.971381 89.209
9.036392 89.210
9.101873 89.211
9.167829 89.212
9.234263 89.213
9.301178 89.214
9.368578 89.215
9.436467 89.216
9.504847 89.217
9.573723 89.218
9.643099 89.219
9.712976 89.220
9.783361 89.221
9.854255 89.222
9.925663 89.223
9.997588 89.224
10.070035 89.224
10.143007 89.225
10.216507 89.226
10.290540 89.227
10.365109 89.228
10.440219 89.229
10.515873 89.229
10.592076 89.230
10.668830 89.231
10.746141 89.232
10.824012 89.233
10.902447 89.234
10.981451 89.234
11.061027 89.235
11.141180 89.236
11.221913 89.237
11.303232 89.238
11.385140 89.239
11.467641 89.239
11.550741 89.240
11.634442 89.241
11.718750 89.242
11.803669 89.243
11.889203 89.243
11.975357 89.244
12.062136 89.245
12.149543 89.246
12.237583 89.247
12.326262 89.247
12.415583 89.248
12.505552 89.249
12.596172 89.249
12.687449 89.250
12.779387 89.251
12.871992 89.251
12.965268 89.252
13.059220 89.253
13.153852 89.253
13.249170 89.254
13.345179 89.254
13.441884 89.255
13.539289 89.255
13.637401 89.256
13.736223 89.256
13.835761 89.256
13.936021 89.257
14.037007 89.257
14.138725 89.257
14.241180 89.257
14.344377 89.257
14.448323 89.257
14.553021 89.257
14.658478 89.257
14.764700 89.257
14.871691 89.257
14.979457 89.257
15.088005 89.256
15.197339 89.256
15.307465 89.256
15.418389 89.255
15.530117 89.255
15.642655 89.254
15.756008 89.254
15.870182 89.253
15.985184 89.252
16.101019 89.252
16.217694 89.251
16.335214 89.250
16.453586 89.249
16.572815 89.248
16.692909 89.248
16.813872 89.247
16.935713 89.246
17.058436 89.245
17.182048 89.244
17.306556 89.243
17.431967 89.242
17.558286 89.240
17.685521 89.239
17.813677 89.238
17.942762 89.237
18.072783 89.236
18.203746 89.235
18.335658 89.233
18.468526 89.232
18.602356 89.230
18.737156 89.229
18.872934 89.228
19.009695 89.226
19.147447 89.224
19.286197 89.223
19.425953 89.221
19.566721 89.219
19.708510 89.217
19.851326 89.216
19.995177 89.214
20.140070 89.211
20.286013 89.209
20.433014 89.207
20.581080 89.205
20.730219 89.202
20.880439 89.200
21.031747 89.197
21.184152 89.195
21.337661 89.192
21.492282 89.189
21.648024 89.186
21.804895 89.183
21.962902 89.180
22.122054 89.177
22.282360 89.174
22.443827 89.171
22.606464 89.167
22.770280 89.164
22.935283 89.160
23.101481 89.157
23.268884 89.153
23.437500 89.150
23.607338 89.146
23.778406 89.142
23.950714 89.138
24.124271 89.134
24.299086 89.131
24.475167 89.127
24.652524 89.123
24.831166 89.119
25.011103 89.114
25.192344 89.110
25.374898 89.106
25.558775 89.102
25.743984 89.098
25.930536 89.094
26.118439 89.089
26.307704 89.085
26.498341 89.081
26.690359 89.077
26.883768 89.073
27.078579 89.069
27.274801 89.064
27.472446 89.060
27.671522 89.056
27.872042 89.052
28.074014 89.048
28.277450 89.044
28.482360 89.041
28.688755 89.037
28.896645 89.033
29.106042 89.030
29.316957 89.026
29.529400 89.023
29.743382 89.020
29.958915 89.016
30.176009 89.013
30.394677 89.010
30.614929 89.008
30.836778 89.005
31.060234 89.003
31.285309 89.000
31.512015 88.998
31.740364 88.996
31.970368 88.994
32.202039 88.992
32.435388 88.990
32.670428 88.989
32.907171 88.987
33.145630 88.986
33.385817 88.985
33.627745 88.984
33.871425 88.983
34.116871 88.982
34.364096 88.982
34.613113 88.982
34.863934 88.981
35.116572 88.981
35.371041 88.981
35.627354 88.981
35.885525 88.982
36.145566 88.982
36.407492 88.983
36.671316 88.983
36.937051 88.984
37.204712 88.985
37.474313 88.986
37.745867 88.987
38.019389 88.988
38.294893 88.990
38.572394 88.991
38.851905 88.992
39.133442 88.994
39.417019 88.996
39.702651 88.997
39.990353 88.999
40.280140 89.001
40.572026 89.003
40.866028 89.004
41.162160 89.006
41.460438 89.008
41.760877 89.010
42.063494 89.011
42.368303 89.013
42.675322 89.014
42.984565 89.016
43.296048 89.017
43.609789 89.018
43.925804 89.019
44.244108 89.020
44.564719 89.021
44.887654 89.021
45.212928 89.021
45.540560 89.021
45.870565 89.021
46.202962 89.021
46.537768 89.020
46.875000 89.019
47.214676 89.018
47.556813 89.016
47.901429 89.014
48.248542 89.012
48.598171 89.009
48.950334 89.006
49.305048 89.003
49.662333 88.999
50.022206 88.995
50.384688 88.991
50.749796 88.986
51.117550 88.981
51.487969 88.976
51.861072 88.970
52.236879 88.964
52.615409 88.958
52.996681 88.951
53.380717 88.944
53.767536 88.937
54.157158 88.930
54.549603 88.922
54.944892 88.915
55.343045 88.907
55.744084 88.898
56.148028 88.890
56.554900 88.882
56.964720 88.873
57.377510 88.865
57.793291 88.856
58.212085 88.848
58.633914 88.839
59.058799 88.831
59.486764 88.822
59.917829 88.814
60.352019 88.806
60.789354 88.798
61.229859 88.790
61.673556 88.783
62.120468 88.776
62.570618 88.769
63.024031 88.762
63.480729 88.756
63.940736 88.751
64.404077 88.745
64.870776 88.741
65.340856 88.736
65.814343 88.732
66.291261 88.729
66.771635 88.726
67.255489 88.723
67.742850 88.721
68.233743 88.719
68.728193 88.718
69.226226 88.717
69.727867 88.716
70.233144 88.716
70.742083 88.716
71.254709 88.716
71.771050 88.717
72.291132 88.718
72.814984 88.719
73.342631 88.720
73.874102 88.721
74.409424 88.722
74.948626 88.723
75.491734 88.724
76.038779 88.726
76.589787 88.726
77.144788 88.727
77.703811 88.728
78.266885 88.728
78.834039 88.728
79.405303 88.728
79.980706 88.728
80.560280 88.727
81.144053 88.726
81.732056 88.724
82.324320 88.723
82.920876 88.720
83.521755 88.718
84.126988 88.715
84.736607 88.712
85.350643 88.709
85.969129 88.706
86.592097 88.702
87.219579 88.698
87.851608 88.695
88.488217 88.691
89.129439 88.688
89.775308 88.684
90.425856 88.681
91.081119 88.678
91.741131 88.675
92.405925 88.673
93.075536 88.671
93.750000 88.670
94.429351 88.670
95.113625 88.670
95.802858 88.670
96.497085 88.672
97.196342 88.674
97.900667 88.677
98.610096 88.681
99.324665 88.686
100.044413 88.691
100.769376 88.698
101.499592 88.705
102.235100 88.713
102.975938 88.721
103.722144 88.731
104.473757 88.741
105.230817 88.752
105.993363 88.763
106.761435 88.775
107.535072 88.788
108.314315 88.801
109.099206 88.814
109.889783 88.828
110.686090 88.842
111.488167 88.856
112.296056 88.870
113.109800 88.885
113.929440 88.900
114.755020 88.915
115.586582 88.930
116.424170 88.946
117.267827 88.961
118.117598 88.977
118.973527 88.994
119.835658 89.011
120.704037 89.028
121.578708 89.046
122.459718 89.064
123.347111 89.084
124.240935 89.104
125.141236 89.125
126.048061 89.146
126.961458 89.169
127.881473 89.193
128.808154 89.217
129.741551 89.243
130.681712 89.269
131.628686 89.296
132.582521 89.324
133.543269 89.352
134.510979 89.380
135.485701 89.409
136.467486 89.437
137.456386 89.464
138.452451 89.491
139.455735 89.516
140.466288 89.540
141.484165 89.562
142.509418 89.582
143.542100 89.599
144.582265 89.613
145.629968 89.624
146.685262 89.631
147.748204 89.635
148.818849 89.634
149.897251 89.630
150.983469 89.622
152.077557 89.609
153.179574 89.593
154.289576 89.573
155.407622 89.549
156.533770 89.522
157.668078 89.493
158.810606 89.461
159.961413 89.427
161.120559 89.392
162.288105 89.355
163.464112 89.319
164.648640 89.283
165.841752 89.247
167.043510 89.212
168.253976 89.177
169.473213 89.143
170.701286 89.110
171.938258 89.077
173.184194 89.044
174.439158 89.010
175.703216 88.975
176.976434 88.938
178.258878 88.899
179.550615 88.856
180.851713 88.810
182.162239 88.759
183.482262 88.704
184.811850 88.644
186.151073 88.579
187.500000 88.509
188.858702 88.434
190.227250 88.353
191.605715 88.269
192.994169 88.179
194.392685 88.086
195.801334 87.989
197.220191 87.888
198.649330 87.784
200.088825 87.677
201.538751 87.568
202.999184 87.457
204.470200 87.344
205.951875 87.230
207.444287 87.116
208.947514 87.003
210.461634 86.891
211.986726 86.784
213.522869 86.682
215.070144 86.588
216.628631 86.505
218.198411 86.435
219.779567 86.380
221.372180 86.341
222.976334 86.320
224.592112 86.317
226.219600 86.331
227.858880 86.360
229.510039 86.401
231.173164 86.452
232.848340 86.508
234.535655 86.567
236.235197 86.625
237.947054 86.679
239.671317 86.727
241.408074 86.767
243.157416 86.799
244.919435 86.821
246.694223 86.833
248.481871 86.836
250.282473 86.831
252.096123 86.819
253.922915 86.802
255.762945 86.783
257.616309 86.763
259.483103 86.745
261.363424 86.732
263.257372 86.728
265.165043 86.734
267.086538 86.754
269.021957 86.790
270.971401 86.843
272.934972 86.913
274.912771 87.001
276.904902 87.104
278.911469 87.221
280.932577 87.349
282.968330 87.483
285.018835 87.620
287.084199 87.755
289.164530 87.885
291.259935 88.005
293.370525 88.111
295.496408 88.202
297.637697 88.273
299.794503 88.324
301.966937 88.353
304.155114 88.360
306.359147 88.345
308.579152 88.310
310.815244 88.257
313.067539 88.188
315.336156 88.106
317.621211 88.017
319.922826 87.925
322.241118 87.835
324.576210 87.754
326.928223 87.686
329.297280 87.637
331.683504 87.608
334.087019 87.602
336.507952 87.617
338.946427 87.651
341.402572 87.701
343.876516 87.760
346.368387 87.825
348.878315 87.888
351.406431 87.945
353.952867 87.992
356.517756 88.025
359.101230 88.043
361.703426 88.043
364.324478 88.027
366.964523 87.994
369.623699 87.947
372.302145 87.889
375.000000 87.823
377.717405 87.753
380.454501 87.683
383.211431 87.617
385.988339 87.558
388.785369 87.509
391.602668 87.471
394.440383 87.443
397.298660 87.425
400.177650 87.414
403.077502 87.407
405.998368 87.402
408.940400 87.396
411.903750 87.387
414.888575 87.373
417.895028 87.353
420.923268 87.328
423.973452 87.295
427.045738 87.257
430.140287 87.212
433.257261 87.161
436.396822 87.104
439.559133 87.043
442.744360 86.977
445.952668 86.909
449.184225 86.840
452.439199 86.772
455.717760 86.708
459.020079 86.649
462.346327 86.598
465.696680 86.557
469.071310 86.529
472.470394 86.515
475.894109 86.516
479.342634 86.531
482.816148 86.560
486.314833 86.600
489.838871 86.649
493.388445 86.704
496.963741 86.759
500.564945 86.812
504.192245 86.857
507.845830 86.892
511.525890 86.912
515.232618 86.916
518.966206 86.903
522.726849 86.873
526.514743 86.826
530.330086 86.765
534.173076 86.692
538.043915 86.612
541.942803 86.528
545.869944 86.445
549.825542 86.367
553.809805 86.297
557.822939 86.238
561.865154 86.191
565.936660 86.157
570.037671 86.133
574.168399 86.118
578.329060 86.110
582.519870 86.105
586.741049 86.102
590.992817 86.099
595.275394 86.095
599.589005 86.088
603.933874 86.080
608.310228 86.070
612.718295 86.061
617.158304 86.054
621.630488 86.049
626.135079 86.048
630.672311 86.052
635.242423 86.060
639.845651 86.073
644.482237 86.090
649.152421 86.111
653.856447 86.135
658.594560 86.162
663.367008 86.191
668.174039 86.221
673.015903 86.253
677.892854 86.286
682.805145 86.322
687.753032 86.362
692.736774 86.405
697.756631 86.455
702.812863 86.509
707.905735 86.569
713.035511 86.633
718.202461 86.700
723.406852 86.768
728.648956 86.834
733.929047 86.897
739.247399 86.957
744.604290 87.011
750.000000 87.060
755.434809 87.103
760.909001 87.141
766.422861 87.173
771.976677 87.200
777.570739 87.222
783.205337 87.239
788.880766 87.254
794.597321 87.266
800.355301 87.279
806.155005 87.293
811.996736 87.310
817.880799 87.331
823.807501 87.357
829.777150 87.387
835.790057 87.421
841.846536 87.457
847.946903 87.494
854.091476 87.528
860.280575 87.558
866.514523 87.584
872.793644 87.603
879.118267 87.616
885.488720 87.623
891.905336 87.625
898.368450 87.623
904.878398 87.618
911.435520 87.612
918.040157 87.605
924.692655 87.599
931.393359 87.593
938.142619 87.588
944.940787 87.581
951.788218 87.574
958.685268 87.565
965.632296 87.554
972.629666 87.541
979.677741 87.526
986.776890 87.509
993.927482 87.491
1001.129891 87.472
1008.384491 87.453
1015.691660 87.435
1023.051781 87.419
1030.465236 87.406
1037.932411 87.397
1045.453698 87.392
1053.029486 87.391
1060.660172 87.394
1068.346153 87.399
1076.087829 87.405
1083.885605 87.412
1091.739887 87.418
1099.651084 87.424
1107.619609 87.428
1115.645878 87.431
1123.730308 87.434
1131.873321 87.435
1140.075341 87.436
1148.336797 87.438
1156.658119 87.441
1165.039741 87.446
1173.482099 87.454
1181.985634 87.465
1190.550789 87.480
1199.178011 87.497
1207.867749 87.516
1216.620457 87.536
1225.436590 87.554
1234.316609 87.568
1243.260976 87.576
1252.270157 87.578
1261.344623 87.571
1270.484846 87.556
1279.691303 87.533
1288.964474 87.501
1298.304842 87.463
1307.712894 87.420
1317.189120 87.375
1326.734016 87.329
1336.348077 87.286
1346.031806 87.247
1355.785708 87.214
1365.610290 87.189
1375.506065 87.171
1385.473549 87.161
1395.513261 87.158
1405.625726 87.162
1415.811469 87.172
1426.071023 87.189
1436.404921 87.211
1446.813703 87.240
1457.297912 87.274
1467.858093 87.315
1478.494798 87.363
1489.208581 87.418
1500.000000 87.480
1510.869618 87.549
1521.818002 87.624
1532.845723 87.705
1543.953355 87.790
1555.141477 87.879
1566.410674 87.970
1577.761531 88.062
1589.194642 88.153
1600.710601 88.240
1612.310010 88.322
1623.993473 88.398
1635.761599 88.464
1647.615002 88.521
1659.554299 88.567
1671.580114 88.601
1683.693072 88.623
1695.893807 88.633
1708.182952 88.631
1720.561150 88.619
1733.029045 88.597
1745.587288 88.568
1758.236533 88.532
1770.977440 88.491
1783.810673 88.446
1796.736900 88.401
1809.756796 88.355
1822.871040 88.311
1836.080315 88.271
1849.385310 88.236
1862.786718 88.208
1876.285239 88.187
1889.881575 88.175
1903.576436 88.172
1917.370535 88.176
1931.264593 88.188
1945.259332 88.206
1959.355483 88.227
1973.553781 88.250
1987.854965 88.271
2002.259781 88.288
2016.768981 88.301
2031.383320 88.308
2046.103561 88.309
2060.930471 88.305
2075.864823 88.296
2090.907395 88.285
2106.058972 88.272
2121.320344 88.259
2136.692305 88.249
2152.175658 88.242
2167.771210 88.240
2183.479774 88.242
2199.302169 88.250
2215.239219 88.263
2231.291755 88.280
2247.460615 88.301
2263.746641 88.325
2280.150683 88.352
2296.673595 88.381
2313.316238 88.412
2330.079481 88.444
2346.964198 88.477
2363.971268 88.510
2381.101578 88.545
2398.356022 88.579
2415.735498 88.612
2433.240913 88.645
2450.873180 88.677
2468.633217 88.708
2486.521951 88.738
2504.540314 88.766
2522.689246 88.794
2540.969692 88.821
2559.382606 88.848
2577.928947 88.876
2596.609683 88.905
2615.425787 88.936
2634.378241 88.968
2653.468031 89.002
2672.696154 89.038
2692.063613 89.075
2711.571415 89.112
2731.220579 89.147
2751.012130 89.181
2770.947098 89.211
2791.026522 89.238
2811.251451 89.260
2831.622938 89.278
2852.142045 89.292
2872.809842 89.302
2893.627406 89.309
2914.595823 89.313
2935.716186 89.317
2956.989596 89.319
2978.417161 89.322
3000.000000 89.325
3021.739237 89.329
3043.636005 89.333
3065.691446 89.337
3087.906710 89.340
3110.282955 89.342
3132.821347 89.342
3155.523062 89.339
3178.389283 89.333
3201.421202 89.324
3224.620020 89.311
3247.986946 89.295
3271.523198 89.277
3295.230004 89.258
3319.108599 89.239
3343.160228 89.222
3367.386145 89.207
3391.787613 89.197
3416.365904 89.192
3441.122300 89.193
3466.058091 89.200
3491.174576 89.213
3516.473066 89.232
3541.954880 89.257
3567.621345 89.286
3593.473800 89.319
3619.513592 89.355
3645.742080 89.393
3672.160630 89.432
3698.770620 89.472
3725.573436 89.513
3752.570477 89.552
3779.763150 89.590
3807.152872 89.626
3834.741071 89.659
3862.529185 89.689
3890.518664 89.715
3918.710966 89.738
3947.107561 89.757
3975.709929 89.771
4004.519563 89.783
4033.537962 89.790
4062.766641 89.796
4092.207123 89.799
4121.860942 89.800
4151.729646 89.800
4181.814790 89.799
4212.117944 89.798
4242.640687 89.796
4273.384610 89.792
4304.351317 89.787
4335.542421 89.780
4366.959549 89.769
4398.604338 89.756
4430.478438 89.738
4462.583511 89.716
4494.921231 89.689
4527.493283 89.658
4560.301365 89.622
4593.347189 89.581
4626.632476 89.537
4660.158962 89.488
4693.928395 89.436
4727.942535 89.381
4762.203156 89.323
4796.712043 89.262
4831.470996 89.199
4866.481826 89.133
4901.746360 89.066
4937.266434 88.997
4973.043902 88.927
5009.080628 88.855
5045.378492 88.782
5081.939384 88.708
5118.765212 88.633
5155.857894 88.557
5193.219366 88.480
5230.851574 88.402
5268.756481 88.324
5306.936062 88.245
5345.392309 88.166
5384.127225 88.086
5423.142830 88.006
5462.441159 87.927
5502.024259 87.846
5541.894195 87.766
5582.053045 87.685
5622.502902 87.604
5663.245876 87.521
5704.284090 87.438
5745.619684 87.353
5787.254813 87.267
5829.191647 87.179
5871.432373 87.089
5913.979192 86.997
5956.834323 86.903
6000.000000 86.808
6043.478473 86.711
6087.272010 86.614
6131.382892 86.517
6175.813420 86.422
6220.565910 86.330
6265.642695 86.241
6311.046124 86.157
6356.778566 86.080
6402.842404 86.009
6449.240040 85.946
6495.973891 85.891
6543.046396 85.843
6590.460007 85.805
6638.217197 85.774
6686.320456 85.753
6734.772290 85.740
6783.575226 85.735
6832.731809 85.740
6882.244600 85.753
6932.116181 85.776
6982.349153 85.808
7032.946133 85.848
7083.909760 85.898
7135.242690 85.955
7186.947600 86.021
7239.027185 86.093
7291.484160 86.171
7344.321260 86.255
7397.541239 86.342
7451.146872 86.432
7505.140954 86.525
7559.526299 86.618
7614.305743 86.712
7669.482141 86.805
7725.058371 86.897
7781.037328 86.987
7837.421932 87.075
7894.215122 87.161
7951.419859 87.243
8009.039125 87.321
8067.075924 87.396
8125.533282 87.465
8184.414245 87.529
8243.721885 87.588
8303.459292 87.641
8363.629581 87.688
8424.235888 87.728
8485.281374 87.762
8546.769221 87.790
8608.702634 87.812
8671.084842 87.829
8733.919097 87.839
8797.208675 87.845
8860.956876 87.845
8925.167022 87.840
8989.842461 87.830
9054.986566 87.815
9120.602731 87.796
9186.694378 87.772
9253.264952 87.744
9320.317925 87.711
9387.856790 87.674
9455.885071 87.634
9524.406312 87.592
9593.424086 87.548
9662.941992 87.504
9732.963653 87.462
9803.492719 87.424
9874.532869 87.392
9946.087805 87.368
10018.161257 87.355
10090.756983 87.354
10163.878768 87.369
10237.530423 87.400
10311.715789 87.448
10386.438732 87.515
10461.703149 87.599
10537.512962 87.700
10613.872125 87.817
10690.784618 87.948
10768.254450 88.091
10846.285661 88.244
10924.882318 88.405
11004.048518 88.571
11083.788390 88.741
11164.106090 88.912
11245.005805 89.082
11326.491752 89.249
11408.568180 89.413
11491.239368 89.572
11574.509626 89.724
11658.383294 89.869
11742.864745 90.005
11827.958384 90.133
11913.668646 90.251
12000.000000 90.360
12086.956947 90.459
12174.544019 90.547
12262.765784 90.625
12351.626840 90.693
12441.131819 90.749
12531.285389 90.795
12622.092249 90.830
12713.557132 90.855
12805.684808 90.869
12898.480079 90.873
12991.947783 90.867
13086.092792 90.851
13180.920015 90.826
13276.434395 90.792
13372.640911 90.749
13469.544580 90.698
13567.150452 90.640
13665.463617 90.574
13764.489200 90.502
13864.232362 90.424
13964.698305 90.341
14065.892266 90.253
14167.819519 90.162
14270.485380 90.068
14373.895200 89.971
14478.054370 89.872
14582.968320 89.773
14688.642520 89.672
14795.082478 89.572
14902.293745 89.471
15010.281908 89.371
15119.052599 89.271
15228.611486 89.171
15338.964283 89.071
15450.116741 88.971
15562.074656 88.870
15674.843864 88.767
15788.430244 88.662
15902.839718 88.554
16018.078250 88.443
16134.151848 88.329
16251.066563 88.209
16368.828491 88.086
16487.443769 87.957
16606.918584 87.823
16727.259161 87.685
16848.471777 87.542
16970.562748 87.395
17093.538442 87.245
17217.405268 87.092
17342.169684 86.938
17467.838194 86.784
17594.417350 86.632
17721.913751 86.484
17850.334044 86.341
17979.684923 86.207
18109.973131 86.083
18241.205462 85.973
18373.388756 85.876
18506.529905 85.795
18640.635849 85.731
18775.713581 85.681
18911.770141 85.646
19048.812624 85.623
19186.848172 85.608
19325.883983 85.601
19465.927305 85.597
19606.985439 85.596
19749.065738 85.596
19892.175609 85.596
20036.322514 85.596
