0.366211 92.093
0.368865 92.093
0.371538 92.093
0.374230 92.093
0.376942 92.093
0.379673 92.093
0.382424 92.093
0.385196 92.093
0.387987 92.093
0.390798 92.093
0.393630 92.093
0.396483 92.093
0.399356 92.093
0.402250 92.093
0.405165 92.093
0.408101 92.093
0.411058 92.093
0.414037 92.093
0.417037 92.093
0.420059 92.093
0.423103 92.093
0.426169 92.094
0.429257 92.094
0.432368 92.094
0.435501 92.094
0.438656 92.094
0.441835 92.094
0.445037 92.094
0.448262 92.094
0.451510 92.094
0.454782 92.094
0.458077 92.094
0.461397 92.094
0.464740 92.094
0.468108 92.094
0.471500 92.094
0.474917 92.094
0.478358 92.094
0.481825 92.094
0.485316 92.094
0.488833 92.094
0.492375 92.094
0.495943 92.094
0.499537 92.094
0.503157 92.094
0.506803 92.094
0.510475 92.094
0.514175 92.094
0.517900 92.094
0.521653 92.094
0.525434 92.094
0.529241 92.094
0.533076 92.094
0.536939 92.094
0.540830 92.094
0.544749 92.094
0.548696 92.094
0.552673 92.094
0.556677 92.094
0.560711 92.094
0.564774 92.094
0.568867 92.094
0.572989 92.094
0.577141 92.095
0.581324 92.095
0.585536 92.095
0.589779 92.095
0.594053 92.095
0.598358 92.095
0.602694 92.095
0.607061 92.095
0.611460 92.095
0.615891 92.095
0.620354 92.095
0.624849 92.095
0.629377 92.095
0.633938 92.095
0.638532 92.095
0.643159 92.095
0.647819 92.095
0.652514 92.095
0.657242 92.095
0.662005 92.095
0.666802 92.095
0.671634 92.095
0.676501 92.095
0.681403 92.095
0.686341 92.095
0.691314 92.095
0.696324 92.095
0.701370 92.095
0.706452 92.095
0.711571 92.095
0.716728 92.095
0.721921 92.096
0.727153 92.096
0.732422 92.096
0.737729 92.096
0.743075 92.096
0.748460 92.096
0.753883 92.096
0.759346 92.096
0.764849 92.096
0.770391 92.096
0.775974 92.096
0.781597 92.096
0.787261 92.096
0.792966 92.096
0.798712 92.096
0.804500 92.096
0.810329 92.096
0.816201 92.096
0.822116 92.096
0.828073 92.096
0.834074 92.096
0.840118 92.097
0.846206 92.097
0.852338 92.097
0.858514 92.097
0.864735 92.097
0.871001 92.097
0.877313 92.097
0.883670 92.097
0.890074 92.097
0.896524 92.097
0.903020 92.097
0.909564 92.097
0.916155 92.097
0.922794 92.097
0.929481 92.097
0.936216 92.097
0.943000 92.098
0.949834 92.098
0.956717 92.098
0.963649 92.098
0.970632 92.098
0.977666 92.098
0.984750 92.098
0.991886 92.098
0.999074 92.098
1.006314 92.098
1.013606 92.098
1.020951 92.098
1.028349 92.098
1.035801 92.099
1.043307 92.099
1.050867 92.099
1.058482 92.099
1.066152 92.099
1.073878 92.099
1.081660 92.099
1.089498 92.099
1.097393 92.099
1.105345 92.099
1.113355 92.099
1.121423 92.099
1.129549 92.100
1.137734 92.100
1.145979 92.100
1.154283 92.100
1.162647 92.100
1.171072 92.100
1.179558 92.100
1.188106 92.100
1.196715 92.100
1.205387 92.100
1.214122 92.100
1.222920 92.101
1.231782 92.101
1.240708 92.101
1.249699 92.101
1.258754 92.101
1.267876 92.101
1.277063 92.101
1.286318 92.101
1.295639 92.101
1.305027 92.102
1.314484 92.102
1.324009 92.102
1.333604 92.102
1.343268 92.102
1.353002 92.102
1.362806 92.102
1.372681 92.102
1.382628 92.102
1.392647 92.103
1.402739 92.103
1.412904 92.103
1.423142 92.103
1.433455 92.103
1.443843 92.103
1.454305 92.103
1.464844 92.103
1.475459 92.103
1.486150 92.104
1.496920 92.104
1.507767 92.104
1.518693 92.104
1.529698 92.104
1.540783 92.104
1.551948 92.104
1.563194 92.104
1.574521 92.105
1.585931 92.105
1.597423 92.105
1.608999 92.105
1.620658 92.105
1.632402 92.105
1.644232 92.105
1.656146 92.105
1.668147 92.106
1.680235 92.106
1.692411 92.106
1.704675 92.106
1.717028 92.106
1.729470 92.106
1.742003 92.106
1.754626 92.106
1.767341 92.107
1.780147 92.107
1.793047 92.107
1.806040 92.107
1.819128 92.107
1.832310 92.107
1.845587 92.107
1.858961 92.107
1.872432 92.108
1.886001 92.108
1.899667 92.108
1.913433 92.108
1.927299 92.108
1.941265 92.108
1.955332 92.108
1.969501 92.108
1.983773 92.109
1.998148 92.109
2.012627 92.109
2.027212 92.109
2.041902 92.109
2.056698 92.109
2.071602 92.109
2.086614 92.109
2.101734 92.110
2.116964 92.110
2.132304 92.110
2.147756 92.110
2.163320 92.110
2.178996 92.110
2.194786 92.110
2.210690 92.110
2.226710 92.110
2.242845 92.110
2.259098 92.111
2.275468 92.111
2.291957 92.111
2.308566 92.111
2.325295 92.111
2.342145 92.111
2.359117 92.111
2.376212 92.111
2.393431 92.111
2.410775 92.111
2.428244 92.111
2.445840 92.111
2.463564 92.111
2.481416 92.111
2.499397 92.111
2.517509 92.111
2.535752 92.112
2.554127 92.112
2.572635 92.112
2.591277 92.112
2.610055 92.112
2.628968 92.112
2.648019 92.112
2.667208 92.112
2.686535 92.112
2.706003 92.112
2.725612 92.112
2.745363 92.112
2.765257 92.112
2.785295 92.111
2.805478 92.111
2.825808 92.111
2.846285 92.111
2.866910 92.111
2.887685 92.111
2.908611 92.111
2.929688 92.111
2.950917 92.111
2.972301 92.111
2.993839 92.111
3.015534 92.111
3.037386 92.111
3.059396 92.110
3.081565 92.110
3.103896 92.110
3.126388 92.110
3.149043 92.110
3.171862 92.110
3.194847 92.109
3.217998 92.109
3.241317 92.109
3.264805 92.109
3.288463 92.109
3.312293 92.108
3.336295 92.108
3.360471 92.108
3.384822 92.108
3.409350 92.107
3.434056 92.107
3.458940 92.107
3.484005 92.107
3.509252 92.106
3.534681 92.106
3.560295 92.106
3.586094 92.105
3.612081 92.105
3.638255 92.105
3.664620 92.104
3.691175 92.104
3.717923 92.104
3.744864 92.103
3.772001 92.103
3.799335 92.102
3.826866 92.102
3.854597 92.101
3.882529 92.101
3.910664 92.101
3.939002 92.100
3.967546 92.100
3.996296 92.099
4.025255 92.099
4.054423 92.098
4.083804 92.098
4.113396 92.097
4.143204 92.097
4.173227 92.096
4.203468 92.096
4.233928 92.095
4.264609 92.095
4.295512 92.094
4.326639 92.094
4.357992 92.093
4.389572 92.093
4.421380 92.092
4.453419 92.092
4.485691 92.091
4.518196 92.090
4.550936 92.090
4.583914 92.089
4.617131 92.089
4.650589 92.088
4.684289 92.088
4.718233 92.087
4.752424 92.087
4.786862 92.086
4.821549 92.085
4.856488 92.085
4.891680 92.084
4.927127 92.084
4.962831 92.083
4.998794 92.083
5.035017 92.082
5.071503 92.082
5.108253 92.081
5.145270 92.081
5.182555 92.080
5.220110 92.080
5.257937 92.079
5.296038 92.079
5.334415 92.078
5.373071 92.078
5.412006 92.077
5.451224 92.077
5.490725 92.076
5.530514 92.076
5.570590 92.076
5.610957 92.075
5.651616 92.075
5.692570 92.075
5.733821 92.074
5.775370 92.074
5.817221 92.074
5.859375 92.073
5.901834 92.073
5.944602 92.073
5.987679 92.073
6.031068 92.072
6.074771 92.072
6.118792 92.072
6.163131 92.072
6.207792 92.072
6.252776 92.072
6.298086 92.071
6.343725 92.071
6.389694 92.071
6.435996 92.071
6.482634 92.071
6.529610 92.071
6.576926 92.071
6.624585 92.071
6.672590 92.071
6.720942 92.071
6.769645 92.071
6.818700 92.071
6.868111 92.071
6.917881 92.071
6.968010 92.071
7.018504 92.071
7.069362 92.071
7.120590 92.071
7.172189 92.072
7.224161 92.072
7.276511 92.072
7.329239 92.072
7.382350 92.072
7.435845 92.072
7.489729 92.072
7.544002 92.072
7.598669 92.072
7.653732 92.072
7.709194 92.072
7.765058 92.072
7.821327 92.072
7.878004 92.072
7.935091 92.072
7.992592 92.071
8.050510 92.071
8.108847 92.071
8.167607 92.071
8.226793 92.071
8.286408 92.070
8.346454 92.070
8.406936 92.070
8.467856 92.069
8.529218 92.069
8.591024 92.069
8.653278 92.068
8.715983 92.068
8.779143 92.067
8.842760 92.066
8.906839 92.066
8.971381 92.065
9.036392 92.064
9.101873 92.063
9.167829 92.063
9.234263 92.062
9.301178 92.061
9.368578 92.060
9.436467 92.059
9.504847 92.058
9.573723 92.057
9.643099 92.056
9.712976 92.055
9.783361 92.054
9.854255 92.053
9.925663 92.052
9.997588 92.050
10.070035 92.049
10.143007 92.048
10.216507 92.047
10.290540 92.046
10.365109 92.044
10.440219 92.043
10.515873 92.042
10.592076 92.041
10.668830 92.039
10.746141 92.038
10.824012 92.037
10.902447 92.036
10.981451 92.035
11.061027 92.034
11.141180 92.032
11.221913 92.031
11.303232 92.030
11.385140 92.029
11.467641 92.028
11.550741 92.027
11.634442 92.026
11.718750 92.025
11.803669 92.025
11.889203 92.024
11.975357 92.023
12.062136 92.022
12.149543 92.021
12.237583 92.021
12.326262 92.020
12.415583 92.019
12.505552 92.018
12.596172 92.018
12.687449 92.017
12.779387 92.017
12.871992 92.016
12.965268 92.015
13.059220 92.015
13.153852 92.014
13.249170 92.013
13.345179 92.013
13.441884 92.012
13.539289 92.011
13.637401 92.011
13.736223 92.010
13.835761 92.009
13.936021 92.008
14.037007 92.008
14.138725 92.007
14.241180 92.006
14.344377 92.005
14.448323 92.004
14.553021 92.003
14.658478 92.001
14.764700 92.000
14.871691 91.999
14.979457 91.998
15.088005 91.996
15.197339 91.995
15.307465 91.994
15.418389 91.992
15.530117 91.991
15.642655 91.989
15.756008 91.988
15.870182 91.986
15.985184 91.985
16.101019 91.983
16.217694 91.981
16.335214 91.980
16.453586 91.978
16.572815 91.977
16.692909 91.975
16.813872 91.973
16.935713 91.972
17.058436 91.970
17.182048 91.969
17.306556 91.967
17.431967 91.966
17.558286 91.965
17.685521 91.963
17.813677 91.962
17.942762 91.960
18.072783 91.959
18.203746 91.958
18.335658 91.957
18.468526 91.955
18.602356 91.954
18.737156 91.953
18.872934 91.952
19.009695 91.950
19.147447 91.949
19.286197 91.948
19.425953 91.947
19.566721 91.946
19.708510 91.944
19.851326 91.943
19.995177 91.942
20.140070 91.940
20.286013 91.939
20.433014 91.937
20.581080 91.936
20.730219 91.934
20.880439 91.933
21.031747 91.931
21.184152 91.930
21.337661 91.928
21.492282 91.926
21.648024 91.925
21.804895 91.923
21.962902 91.921
22.122054 91.920
22.282360 91.918
22.443827 91.916
22.606464 91.914
22.770280 91.913
22.935283 91.911
23.101481 91.909
23.268884 91.907
23.437500 91.906
23.607338 91.904
23.778406 91.902
23.950714 91.900
24.124271 91.899
24.299086 91.897
24.475167 91.895
24.652524 91.893
24.831166 91.892
25.011103 91.890
25.192344 91.888
25.374898 91.886
25.558775 91.885
25.743984 91.883
25.930536 91.881
26.118439 91.879
26.307704 91.877
26.498341 91.875
26.690359 91.873
26.883768 91.871
27.078579 91.869
27.274801 91.867
27.472446 91.865
27.671522 91.863
27.872042 91.860
28.074014 91.858
28.277450 91.856
28.482360 91.854
28.688755 91.851
28.896645 91.849
29.106042 91.847
29.316957 91.844
29.529400 91.842
29.743382 91.839
29.958915 91.837
30.176009 91.834
30.394677 91.832
30.614929 91.829
30.836778 91.827
31.060234 91.824
31.285309 91.821
31.512015 91.819
31.740364 91.816
31.970368 91.813
32.202039 91.810
32.435388 91.807
32.670428 91.804
32.907171 91.801
33.145630 91.798
33.385817 91.795
33.627745 91.792
33.871425 91.789
34.116871 91.786
34.364096 91.782
34.613113 91.779
34.863934 91.775
35.116572 91.772
35.371041 91.768
35.627354 91.765
35.885525 91.761
36.145566 91.757
36.407492 91.754
36.671316 91.750
36.937051 91.746
37.204712 91.742
37.474313 91.738
37.745867 91.734
38.019389 91.730
38.294893 91.726
38.572394 91.721
38.851905 91.717
39.133442 91.713
39.417019 91.708
39.702651 91.704
39.990353 91.699
40.280140 91.695
40.572026 91.690
40.866028 91.686
41.162160 91.681
41.460438 91.676
41.760877 91.671
42.063494 91.666
42.368303 91.661
42.675322 91.657
42.984565 91.652
43.296048 91.647
43.609789 91.641
43.925804 91.636
44.244108 91.631
44.564719 91.626
44.887654 91.621
45.212928 91.615
45.540560 91.610
45.870565 91.605
46.202962 91.599
46.537768 91.594
46.875000 91.588
47.214676 91.582
47.556813 91.577
47.901429 91.571
48.248542 91.565
48.598171 91.559
48.950334 91.553
49.305048 91.547
49.662333 91.541
50.022206 91.535
50.384688 91.529
50.749796 91.522
51.117550 91.516
51.487969 91.509
51.861072 91.503
52.236879 91.496
52.615409 91.489
52.996681 91.482
53.380717 91.474
53.767536 91.467
54.157158 91.459
54.549603 91.452
54.944892 91.444
55.343045 91.436
55.744084 91.427
56.148028 91.419
56.554900 91.410
56.964720 91.401
57.377510 91.392
57.793291 91.383
58.212085 91.373
58.633914 91.363
59.058799 91.353
59.486764 91.342
59.917829 91.332
60.352019 91.320
60.789354 91.309
61.229859 91.297
61.673556 91.285
62.120468 91.273
62.570618 91.260
63.024031 91.247
63.480729 91.233
63.940736 91.219
64.404077 91.205
64.870776 91.191
65.340856 91.176
65.814343 91.160
66.291261 91.145
66.771635 91.129
67.255489 91.112
67.742850 91.095
68.233743 91.078
68.728193 91.061
69.226226 91.043
69.727867 91.025
70.233144 91.006
70.742083 90.987
71.254709 90.968
71.771050 90.948
72.291132 90.928
72.814984 90.908
73.342631 90.888
73.874102 90.867
74.409424 90.846
74.948626 90.824
75.491734 90.803
76.038779 90.781
76.589787 90.759
77.144788 90.736
77.703811 90.713
78.266885 90.690
78.834039 90.667
79.405303 90.644
79.980706 90.620
80.560280 90.596
81.144053 90.571
81.732056 90.547
82.324320 90.522
82.920876 90.497
83.521755 90.471
84.126988 90.445
84.736607 90.419
85.350643 90.393
85.969129 90.367
86.592097 90.340
87.219579 90.313
87.851608 90.286
88.488217 90.258
89.129439 90.230
89.775308 90.202
90.425856 90.174
91.081119 90.146
91.741131 90.118
92.405925 90.089
93.075536 90.060
93.750000 90.031
94.429351 90.002
95.113625 89.974
95.802858 89.945
96.497085 89.916
97.196342 89.886
97.900667 89.857
98.610096 89.828
99.324665 89.799
100.044413 89.770
100.769376 89.741
101.499592 89.712
102.235100 89.683
102.975938 89.654
103.722144 89.624
104.473757 89.594
105.230817 89.564
105.993363 89.533
106.761435 89.502
107.535072 89.470
108.314315 89.438
109.099206 89.404
109.889783 89.370
110.686090 89.335
111.488167 89.298
112.296056 89.260
113.109800 89.221
113.929440 89.180
114.755020 89.137
115.586582 89.092
116.424170 89.045
117.267827 88.995
118.117598 88.943
118.973527 88.889
119.835658 88.832
120.704037 88.773
121.578708 88.711
122.459718 88.646
123.347111 88.579
124.240935 88.509
125.141236 88.437
126.048061 88.362
126.961458 88.286
127.881473 88.207
128.808154 88.126
129.741551 88.045
130.681712 87.961
131.628686 87.877
132.582521 87.793
133.543269 87.707
134.510979 87.622
135.485701 87.538
136.467486 87.454
137.456386 87.370
138.452451 87.288
139.455735 87.207
140.466288 87.128
141.484165 87.050
142.509418 86.973
143.542100 86.898
144.582265 86.825
145.629968 86.752
146.685262 86.680
147.748204 86.609
148.818849 86.538
149.897251 86.467
150.983469 86.395
152.077557 86.322
153.179574 86.247
154.289576 86.170
155.407622 86.090
156.533770 86.007
157.668078 85.920
158.810606 85.830
159.961413 85.735
161.120559 85.636
162.288105 85.532
163.464112 85.424
164.648640 85.311
165.841752 85.193
167.043510 85.072
168.253976 84.947
169.473213 84.818
170.701286 84.687
171.938258 84.554
173.184194 84.420
174.439158 84.286
175.703216 84.153
176.976434 84.024
178.258878 83.899
179.550615 83.781
180.851713 83.671
182.162239 83.572
183.482262 83.487
184.811850 83.417
186.151073 83.364
187.500000 83.329
188.858702 83.313
190.227250 83.315
191.605715 83.335
192.994169 83.371
194.392685 83.420
195.801334 83.479
197.220191 83.544
198.649330 83.611
200.088825 83.678
201.538751 83.739
202.999184 83.793
204.470200 83.837
205.951875 83.869
207.444287 83.886
208.947514 83.888
210.461634 83.875
211.986726 83.846
213.522869 83.803
215.070144 83.747
216.628631 83.680
218.198411 83.604
219.779567 83.523
221.372180 83.440
222.976334 83.360
224.592112 83.285
226.219600 83.220
227.858880 83.169
229.510039 83.134
231.173164 83.116
232.848340 83.117
234.535655 83.137
236.235197 83.172
237.947054 83.222
239.671317 83.285
241.408074 83.357
243.157416 83.437
244.919435 83.523
246.694223 83.616
248.481871 83.715
250.282473 83.822
252.096123 83.938
253.922915 84.067
255.762945 84.211
257.616309 84.372
259.483103 84.552
261.363424 84.752
263.257372 84.973
265.165043 85.213
267.086538 85.470
269.021957 85.739
270.971401 86.017
272.934972 86.300
274.912771 86.583
276.904902 86.862
278.911469 87.132
280.932577 87.391
282.968330 87.636
285.018835 87.863
287.084199 88.071
289.164530 88.260
291.259935 88.427
293.370525 88.573
295.496408 88.698
297.637697 88.803
299.794503 88.888
301.966937 88.955
304.155114 89.005
306.359147 89.042
308.579152 89.066
310.815244 89.081
313.067539 89.089
315.336156 89.092
317.621211 89.095
319.922826 89.099
322.241118 89.108
324.576210 89.125
326.928223 89.152
329.297280 89.190
331.683504 89.240
334.087019 89.301
336.507952 89.373
338.946427 89.453
341.402572 89.540
343.876516 89.628
346.368387 89.717
348.878315 89.803
351.406431 89.884
353.952867 89.958
356.517756 90.024
359.101230 90.081
361.703426 90.127
364.324478 90.164
366.964523 90.192
369.623699 90.209
372.302145 90.218
375.000000 90.218
377.717405 90.209
380.454501 90.193
383.211431 90.170
385.988339 90.140
388.785369 90.103
391.602668 90.059
394.440383 90.008
397.298660 89.948
400.177650 89.878
403.077502 89.797
405.998368 89.702
408.940400 89.591
411.903750 89.464
414.888575 89.318
417.895028 89.152
420.923268 88.966
423.973452 88.758
427.045738 88.530
430.140287 88.282
433.257261 88.013
436.396822 87.726
439.559133 87.422
442.744360 87.103
445.952668 86.773
449.184225 86.437
452.439199 86.100
455.717760 85.772
459.020079 85.463
462.346327 85.184
465.696680 84.949
469.071310 84.771
472.470394 84.658
475.894109 84.617
479.342634 84.645
482.816148 84.737
486.314833 84.882
489.838871 85.066
493.388445 85.277
496.963741 85.504
500.564945 85.738
504.192245 85.971
507.845830 86.199
511.525890 86.420
515.232618 86.633
518.966206 86.839
522.726849 87.040
526.514743 87.240
530.330086 87.439
534.173076 87.642
538.043915 87.849
541.942803 88.062
545.869944 88.279
549.825542 88.500
553.809805 88.721
557.822939 88.940
561.865154 89.153
565.936660 89.357
570.037671 89.550
574.168399 89.729
578.329060 89.892
582.519870 90.039
586.741049 90.167
590.992817 90.276
595.275394 90.366
599.589005 90.435
603.933874 90.485
608.310228 90.513
612.718295 90.519
617.158304 90.503
621.630488 90.463
626.135079 90.399
630.672311 90.310
635.242423 90.196
639.845651 90.057
644.482237 89.893
649.152421 89.707
653.856447 89.498
658.594560 89.271
663.367008 89.028
668.174039 88.772
673.015903 88.508
677.892854 88.240
682.805145 87.972
687.753032 87.709
692.736774 87.457
697.756631 87.220
702.812863 87.006
707.905735 86.823
713.035511 86.680
718.202461 86.587
723.406852 86.553
728.648956 86.585
733.929047 86.685
739.247399 86.850
744.604290 87.072
750.000000 87.337
755.434809 87.632
760.909001 87.943
766.422861 88.258
771.976677 88.566
777.570739 88.860
783.205337 89.132
788.880766 89.380
794.597321 89.599
800.355301 89.789
806.155005 89.949
811.996736 90.079
817.880799 90.181
823.807501 90.256
829.777150 90.306
835.790057 90.335
841.846536 90.345
847.946903 90.338
854.091476 90.318
860.280575 90.285
866.514523 90.243
872.793644 90.190
879.118267 90.130
885.488720 90.060
891.905336 89.982
898.368450 89.895
904.878398 89.797
911.435520 89.688
918.040157 89.567
924.692655 89.432
931.393359 89.285
938.142619 89.124
944.940787 88.952
951.788218 88.772
958.685268 88.588
965.632296 88.406
972.629666 88.232
979.677741 88.075
986.776890 87.939
993.927482 87.830
1001.129891 87.749
1008.384491 87.695
1015.691660 87.664
1023.051781 87.649
1030.465236 87.642
1037.932411 87.638
1045.453698 87.628
1053.029486 87.609
1060.660172 87.576
1068.346153 87.527
1076.087829 87.462
1083.885605 87.380
1091.739887 87.285
1099.651084 87.177
1107.619609 87.062
1115.645878 86.945
1123.730308 86.830
1131.873321 86.724
1140.075341 86.633
1148.336797 86.561
1156.658119 86.513
1165.039741 86.490
1173.482099 86.491
1181.985634 86.514
1190.550789 86.553
1199.178011 86.603
1207.867749 86.657
1216.620457 86.710
1225.436590 86.757
1234.316609 86.795
1243.260976 86.821
1252.270157 86.833
1261.344623 86.833
1270.484846 86.822
1279.691303 86.803
1288.964474 86.777
1298.304842 86.750
1307.712894 86.725
1317.189120 86.704
1326.734016 86.689
1336.348077 86.680
1346.031806 86.677
1355.785708 86.676
1365.610290 86.675
1375.506065 86.669
1385.473549 86.654
1395.513261 86.628
1405.625726 86.588
1415.811469 86.533
1426.071023 86.462
1436.404921 86.376
1446.813703 86.276
1457.297912 86.164
1467.858093 86.041
1478.494798 85.910
1489.208581 85.773
1500.000000 85.631
1510.869618 85.487
1521.818002 85.343
1532.845723 85.200
1543.953355 85.062
1555.141477 84.931
1566.410674 84.807
1577.761531 84.692
1589.194642 84.587
1600.710601 84.488
1612.310010 84.395
1623.993473 84.305
1635.761599 84.213
1647.615002 84.118
1659.554299 84.015
1671.580114 83.904
1683.693072 83.783
1695.893807 83.653
1708.182952 83.516
1720.561150 83.377
1733.029045 83.239
1745.587288 83.109
1758.236533 82.993
1770.977440 82.897
1783.810673 82.824
1796.736900 82.778
1809.756796 82.759
1822.871040 82.764
1836.080315 82.790
1849.385310 82.834
1862.786718 82.890
1876.285239 82.954
1889.881575 83.023
1903.576436 83.094
1917.370535 83.163
1931.264593 83.228
1945.259332 83.288
1959.355483 83.341
1973.553781 83.388
1987.854965 83.429
2002.259781 83.465
2016.768981 83.501
2031.383320 83.537
2046.103561 83.578
2060.930471 83.624
2075.864823 83.676
2090.907395 83.734
2106.058972 83.796
2121.320344 83.857
2136.692305 83.915
2152.175658 83.964
2167.771210 84.001
2183.479774 84.023
2199.302169 84.026
2215.239219 84.010
2231.291755 83.976
2247.460615 83.923
2263.746641 83.857
2280.150683 83.780
2296.673595 83.696
2313.316238 83.611
2330.079481 83.529
2346.964198 83.452
2363.971268 83.384
2381.101578 83.323
2398.356022 83.271
2415.735498 83.226
2433.240913 83.188
2450.873180 83.157
2468.633217 83.133
2486.521951 83.120
2504.540314 83.121
2522.689246 83.141
2540.969692 83.183
2559.382606 83.250
2577.928947 83.343
2596.609683 83.460
2615.425787 83.598
2634.378241 83.752
2653.468031 83.918
2672.696154 84.090
2692.063613 84.262
2711.571415 84.432
2731.220579 84.598
2751.012130 84.757
2770.947098 84.910
2791.026522 85.057
2811.251451 85.199
2831.622938 85.338
2852.142045 85.473
2872.809842 85.606
2893.627406 85.735
2914.595823 85.862
2935.716186 85.983
2956.989596 86.100
2978.417161 86.210
3000.000000 86.313
3021.739237 86.409
3043.636005 86.499
3065.691446 86.582
3087.906710 86.660
3110.282955 86.735
3132.821347 86.808
3155.523062 86.880
3178.389283 86.953
3201.421202 87.028
3224.620020 87.104
3247.986946 87.182
3271.523198 87.263
3295.230004 87.346
3319.108599 87.433
3343.160228 87.524
3367.386145 87.619
3391.787613 87.719
3416.365904 87.825
3441.122300 87.936
3466.058091 88.052
3491.174576 88.172
3516.473066 88.295
3541.954880 88.420
3567.621345 88.544
3593.473800 88.668
3619.513592 88.790
3645.742080 88.911
3672.160630 89.028
3698.770620 89.144
3725.573436 89.256
3752.570477 89.366
3779.763150 89.472
3807.152872 89.573
3834.741071 89.668
3862.529185 89.757
3890.518664 89.838
3918.710966 89.910
3947.107561 89.973
3975.709929 90.026
4004.519563 90.071
4033.537962 90.108
4062.766641 90.137
4092.207123 90.160
4121.860942 90.176
4151.729646 90.186
4181.814790 90.190
4212.117944 90.190
4242.640687 90.183
4273.384610 90.172
4304.351317 90.155
4335.542421 90.133
4366.959549 90.106
4398.604338 90.073
4430.478438 90.035
4462.583511 89.991
4494.921231 89.941
4527.493283 89.885
4560.301365 89.824
4593.347189 89.759
4626.632476 89.689
4660.158962 89.615
4693.928395 89.538
4727.942535 89.458
4762.203156 89.375
4796.712043 89.289
4831.470996 89.199
4866.481826 89.106
4901.746360 89.010
4937.266434 88.911
4973.043902 88.808
5009.080628 88.703
5045.378492 88.594
5081.939384 88.484
5118.765212 88.371
5155.857894 88.256
5193.219366 88.139
5230.851574 88.022
5268.756481 87.904
5306.936062 87.786
5345.392309 87.669
5384.127225 87.553
5423.142830 87.439
5462.441159 87.327
5502.024259 87.217
5541.894195 87.111
5582.053045 87.007
5622.502902 86.905
5663.245876 86.807
5704.284090 86.711
5745.619684 86.616
5787.254813 86.523
5829.191647 86.431
5871.432373 86.337
5913.979192 86.242
5956.834323 86.142
6000.000000 86.036
6043.478473 85.924
6087.272010 85.804
6131.382892 85.675
6175.813420 85.538
6220.565910 85.393
6265.642695 85.243
6311.046124 85.089
6356.778566 84.933
6402.842404 84.778
6449.240040 84.626
6495.973891 84.479
6543.046396 84.339
6590.460007 84.205
6638.217197 84.077
6686.320456 83.956
6734.772290 83.839
6783.575226 83.727
6832.731809 83.618
6882.244600 83.514
6932.116181 83.416
6982.349153 83.326
7032.946133 83.248
7083.909760 83.186
7135.242690 83.143
7186.947600 83.124
7239.027185 83.129
7291.484160 83.157
7344.321260 83.206
7397.541239 83.273
7451.146872 83.353
7505.140954 83.442
7559.526299 83.535
7614.305743 83.630
7669.482141 83.725
7725.058371 83.818
7781.037328 83.910
7837.421932 84.001
7894.215122 84.093
7951.419859 84.185
8009.039125 84.279
8067.075924 84.375
8125.533282 84.472
8184.414245 84.569
8243.721885 84.666
8303.459292 84.763
8363.629581 84.857
8424.235888 84.950
8485.281374 85.039
8546.769221 85.126
8608.702634 85.210
8671.084842 85.290
8733.919097 85.366
8797.208675 85.439
8860.956876 85.508
8925.167022 85.573
8989.842461 85.633
9054.986566 85.688
9120.602731 85.736
9186.694378 85.778
9253.264952 85.812
9320.317925 85.837
9387.856790 85.851
9455.885071 85.856
9524.406312 85.849
9593.424086 85.832
9662.941992 85.805
9732.963653 85.771
9803.492719 85.730
9874.532869 85.686
9946.087805 85.642
10018.161257 85.601
10090.756983 85.567
10163.878768 85.543
10237.530423 85.531
10311.715789 85.534
10386.438732 85.552
10461.703149 85.587
10537.512962 85.636
10613.872125 85.700
10690.784618 85.777
10768.254450 85.866
10846.285661 85.966
10924.882318 86.077
11004.048518 86.200
11083.788390 86.336
11164.106090 86.487
11245.005805 86.655
11326.491752 86.841
11408.568180 87.047
11491.239368 87.272
11574.509626 87.514
11658.383294 87.772
11742.864745 88.041
11827.958384 88.317
11913.668646 88.596
12000.000000 88.873
12086.956947 89.143
12174.544019 89.402
12262.765784 89.648
12351.626840 89.877
12441.131819 90.086
12531.285389 90.275
12622.092249 90.442
12713.557132 90.585
12805.684808 90.704
12898.480079 90.800
12991.947783 90.872
13086.092792 90.920
13180.920015 90.945
13276.434395 90.948
13372.640911 90.929
13469.544580 90.890
13567.150452 90.832
13665.463617 90.755
13764.489200 90.662
13864.232362 90.554
13964.698305 90.432
14065.892266 90.297
14167.819519 90.150
14270.485380 89.993
14373.895200 89.827
14478.054370 89.652
14582.968320 89.469
14688.642520 89.279
14795.082478 89.081
14902.293745 88.877
15010.281908 88.667
15119.052599 88.451
15228.611486 88.230
15338.964283 88.004
15450.116741 87.774
15562.074656 87.539
15674.843864 87.301
15788.430244 87.059
15902.839718 86.814
16018.078250 86.566
16134.151848 86.314
16251.066563 86.058
16368.828491 85.797
16487.443769 85.529
16606.918584 85.255
16727.259161 84.973
16848.471777 84.682
16970.562748 84.382
17093.538442 84.073
17217.405268 83.756
17342.169684 83.433
17467.838194 83.106
17594.417350 82.780
17721.913751 82.461
17850.334044 82.153
17979.684923 81.865
18109.973131 81.603
18241.205462 81.373
18373.388756 81.180
18506.529905 81.025
18640.635849 80.908
18775.713581 80.824
18911.770141 80.769
19048.812624 80.734
19186.848172 80.715
19325.883983 80.706
19465.927305 80.702
19606.985439 80.701
19749.065738 80.700
19892.175609 80.700
20036.322514 80.700
