0.366211 93.303
0.368865 93.303
0.371538 93.303
0.374230 93.303
0.376942 93.302
0.379673 93.302
0.382424 93.302
0.385196 93.302
0.387987 93.302
0.390798 93.302
0.393630 93.302
0.396483 93.302
0.399356 93.302
0.402250 93.301
0.405165 93.301
0.408101 93.301
0.411058 93.301
0.414037 93.301
0.417037 93.301
0.420059 93.301
0.423103 93.301
0.426169 93.300
0.429257 93.300
0.432368 93.300
0.435501 93.300
0.438656 93.300
0.441835 93.300
0.445037 93.299
0.448262 93.299
0.451510 93.299
0.454782 93.299
0.458077 93.299
0.461397 93.299
0.464740 93.299
0.468108 93.298
0.471500 93.298
0.474917 93.298
0.478358 93.298
0.481825 93.298
0.485316 93.297
0.488833 93.297
0.492375 93.297
0.495943 93.297
0.499537 93.297
0.503157 93.297
0.506803 93.296
0.510475 93.296
0.514175 93.296
0.517900 93.296
0.521653 93.296
0.525434 93.295
0.529241 93.295
0.533076 93.295
0.536939 93.295
0.540830 93.295
0.544749 93.294
0.548696 93.294
0.552673 93.294
0.556677 93.294
0.560711 93.294
0.564774 93.293
0.568867 93.293
0.572989 93.293
0.577141 93.293
0.581324 93.293
0.585536 93.292
0.589779 93.292
0.594053 93.292
0.598358 93.292
0.602694 93.292
0.607061 93.291
0.611460 93.291
0.615891 93.291
0.620354 93.291
0.624849 93.290
0.629377 93.290
0.633938 93.290
0.638532 93.290
0.643159 93.289
0.647819 93.289
0.652514 93.289
0.657242 93.289
0.662005 93.288
0.666802 93.288
0.671634 93.288
0.676501 93.288
0.681403 93.287
0.686341 93.287
0.691314 93.287
0.696324 93.286
0.701370 93.286
0.706452 93.286
0.711571 93.286
0.716728 93.285
0.721921 93.285
0.727153 93.285
0.732422 93.284
0.737729 93.284
0.743075 93.284
0.748460 93.283
0.753883 93.283
0.759346 93.283
0.764849 93.282
0.770391 93.282
0.775974 93.281
0.781597 93.281
0.787261 93.281
0.792966 93.280
0.798712 93.280
0.804500 93.279
0.810329 93.279
0.816201 93.279
0.822116 93.278
0.828073 93.278
0.834074 93.277
0.840118 93.277
0.846206 93.276
0.852338 93.276
0.858514 93.275
0.864735 93.275
0.871001 93.274
0.877313 93.274
0.883670 93.273
0.890074 93.273
0.896524 93.272
0.903020 93.272
0.909564 93.271
0.916155 93.271
0.922794 93.270
0.929481 93.269
0.936216 93.269
0.943000 93.268
0.949834 93.268
0.956717 93.267
0.963649 93.266
0.970632 93.266
0.977666 93.265
0.984750 93.264
0.991886 93.264
0.999074 93.263
1.006314 93.263
1.013606 93.262
1.020951 93.261
1.028349 93.260
1.035801 93.260
1.043307 93.259
1.050867 93.258
1.058482 93.258
1.066152 93.257
1.073878 93.256
1.081660 93.255
1.089498 93.254
1.097393 93.254
1.105345 93.253
1.113355 93.252
1.121423 93.251
1.129549 93.250
1.137734 93.250
1.145979 93.249
1.154283 93.248
1.162647 93.247
1.171072 93.246
1.179558 93.245
1.188106 93.244
1.196715 93.243
1.205387 93.242
1.214122 93.241
1.222920 93.240
1.231782 93.239
1.240708 93.238
1.249699 93.237
1.258754 93.236
1.267876 93.235
1.277063 93.234
1.286318 93.233
1.295639 93.232
1.305027 93.231
1.314484 93.230
1.324009 93.228
1.333604 93.227
1.343268 93.226
1.353002 93.225
1.362806 93.224
1.372681 93.223
1.382628 93.221
1.392647 93.220
1.402739 93.219
1.412904 93.217
1.423142 93.216
1.433455 93.215
1.443843 93.213
1.454305 93.212
1.464844 93.211
1.475459 93.209
1.486150 93.208
1.496920 93.206
1.507767 93.205
1.518693 93.203
1.529698 93.202
1.540783 93.200
1.551948 93.199
1.563194 93.197
1.574521 93.196
1.585931 93.194
1.597423 93.192
1.608999 93.191
1.620658 93.189
1.632402 93.187
1.644232 93.185
1.656146 93.184
1.668147 93.182
1.680235 93.180
1.692411 93.178
1.704675 93.176
1.717028 93.174
1.729470 93.173
1.742003 93.171
1.754626 93.169
1.767341 93.167
1.780147 93.165
1.793047 93.162
1.806040 93.160
1.819128 93.158
1.832310 93.156
1.845587 93.154
1.858961 93.152
1.872432 93.150
1.886001 93.147
1.899667 93.145
1.913433 93.143
1.927299 93.140
1.941265 93.138
1.955332 93.135
1.969501 93.133
1.983773 93.130
1.998148 93.128
2.012627 93.125
2.027212 93.123
2.041902 93.120
2.056698 93.117
2.071602 93.115
2.086614 93.112
2.101734 93.109
2.116964 93.106
2.132304 93.103
2.147756 93.101
2.163320 93.098
2.178996 93.095
2.194786 93.092
2.210690 93.089
2.226710 93.085
2.242845 93.082
2.259098 93.079
2.275468 93.076
2.291957 93.072
2.308566 93.069
2.325295 93.066
2.342145 93.062
2.359117 93.059
2.376212 93.055
2.393431 93.052
2.410775 93.048
2.428244 93.044
2.445840 93.041
2.463564 93.037
2.481416 93.033
2.499397 93.029
2.517509 93.025
2.535752 93.021
2.554127 93.017
2.572635 93.013
2.591277 93.009
2.610055 93.005
2.628968 93.001
2.648019 92.996
2.667208 92.992
2.686535 92.987
2.706003 92.983
2.725612 92.978
2.745363 92.974
2.765257 92.969
2.785295 92.964
2.805478 92.959
2.825808 92.954
2.846285 92.949
2.866910 92.944
2.887685 92.939
2.908611 92.934
2.929688 92.929
2.950917 92.923
2.972301 92.918
2.993839 92.912
3.015534 92.907
3.037386 92.901
3.059396 92.896
3.081565 92.890
3.103896 92.884
3.126388 92.878
3.149043 92.872
3.171862 92.866
3.194847 92.859
3.217998 92.853
3.241317 92.847
3.264805 92.840
3.288463 92.834
3.312293 92.827
3.336295 92.820
3.360471 92.813
3.384822 92.806
3.409350 92.799
3.434056 92.792
3.458940 92.785
3.484005 92.777
3.509252 92.770
3.534681 92.762
3.560295 92.754
3.586094 92.746
3.612081 92.738
3.638255 92.730
3.664620 92.722
3.691175 92.714
3.717923 92.705
3.744864 92.697
3.772001 92.688
3.799335 92.679
3.826866 92.670
3.854597 92.661
3.882529 92.652
3.910664 92.642
3.939002 92.633
3.967546 92.623
3.996296 92.613
4.025255 92.603
4.054423 92.593
4.083804 92.583
4.113396 92.572
4.143204 92.561
4.173227 92.551
4.203468 92.540
4.233928 92.528
4.264609 92.517
4.295512 92.505
4.326639 92.494
4.357992 92.482
4.389572 92.470
4.421380 92.457
4.453419 92.445
4.485691 92.432
4.518196 92.419
4.550936 92.406
4.583914 92.393
4.617131 92.379
4.650589 92.365
4.684289 92.351
4.718233 92.337
4.752424 92.323
4.786862 92.308
4.821549 92.293
4.856488 92.278
4.891680 92.262
4.927127 92.247
4.962831 92.230
4.998794 92.214
5.035017 92.198
5.071503 92.181
5.108253 92.164
5.145270 92.146
5.182555 92.129
5.220110 92.111
5.257937 92.092
5.296038 92.074
5.334415 92.055
5.373071 92.035
5.412006 92.016
5.451224 91.996
5.490725 91.976
5.530514 91.955
5.570590 91.934
5.610957 91.913
5.651616 91.891
5.692570 91.869
5.733821 91.847
5.775370 91.824
5.817221 91.801
5.859375 91.777
5.901834 91.753
5.944602 91.729
5.987679 91.704
6.031068 91.679
6.074771 91.653
6.118792 91.627
6.163131 91.601
6.207792 91.574
6.252776 91.547
6.298086 91.519
6.343725 91.491
6.389694 91.462
6.435996 91.433
6.482634 91.403
6.529610 91.373
6.576926 91.343
6.624585 91.312
6.672590 91.280
6.720942 91.248
6.769645 91.216
6.818700 91.183
6.868111 91.150
6.917881 91.116
6.968010 91.082
7.018504 91.047
7.069362 91.012
7.120590 90.976
7.172189 90.940
7.224161 90.903
7.276511 90.866
7.329239 90.828
7.382350 90.790
7.435845 90.752
7.489729 90.713
7.544002 90.674
7.598669 90.634
7.653732 90.594
7.709194 90.554
7.765058 90.513
7.821327 90.472
7.878004 90.431
7.935091 90.389
7.992592 90.347
8.050510 90.305
8.108847 90.262
8.167607 90.220
8.226793 90.177
8.286408 90.134
8.346454 90.091
8.406936 90.048
8.467856 90.005
8.529218 89.962
8.591024 89.919
8.653278 89.877
8.715983 89.834
8.779143 89.792
8.842760 89.750
8.906839 89.708
8.971381 89.667
9.036392 89.626
9.101873 89.586
9.167829 89.546
9.234263 89.508
9.301178 89.469
9.368578 89.432
9.436467 89.396
9.504847 89.360
9.573723 89.326
9.643099 89.292
9.712976 89.260
9.783361 89.230
9.854255 89.200
9.925663 89.172
9.997588 89.145
10.070035 89.120
10.143007 89.097
10.216507 89.075
10.290540 89.055
10.365109 89.037
10.440219 89.020
10.515873 89.006
10.592076 88.993
10.668830 88.982
10.746141 88.974
10.824012 88.967
10.902447 88.962
10.981451 88.959
11.061027 88.958
11.141180 88.960
11.221913 88.963
11.303232 88.968
11.385140 88.975
11.467641 88.984
11.550741 88.995
11.634442 89.008
11.718750 89.022
11.803669 89.038
11.889203 89.056
11.975357 89.075
12.062136 89.096
12.149543 89.118
12.237583 89.141
12.326262 89.166
12.415583 89.192
12.505552 89.219
12.596172 89.247
12.687449 89.276
12.779387 89.306
12.871992 89.336
12.965268 89.368
13.059220 89.399
13.153852 89.432
13.249170 89.465
13.345179 89.498
13.441884 89.532
13.539289 89.565
13.637401 89.599
13.736223 89.634
13.835761 89.668
13.936021 89.702
14.037007 89.736
14.138725 89.771
14.241180 89.805
14.344377 89.839
14.448323 89.873
14.553021 89.906
14.658478 89.940
14.764700 89.973
14.871691 90.006
14.979457 90.039
15.088005 90.071
15.197339 90.103
15.307465 90.135
15.418389 90.166
15.530117 90.197
15.642655 90.228
15.756008 90.258
15.870182 90.288
15.985184 90.318
16.101019 90.348
16.217694 90.377
16.335214 90.405
16.453586 90.434
16.572815 90.462
16.692909 90.489
16.813872 90.517
16.935713 90.544
17.058436 90.571
17.182048 90.597
17.306556 90.623
17.431967 90.649
17.558286 90.674
17.685521 90.700
17.813677 90.724
17.942762 90.749
18.072783 90.773
18.203746 90.797
18.335658 90.821
18.468526 90.844
18.602356 90.867
18.737156 90.890
18.872934 90.912
19.009695 90.934
19.147447 90.956
19.286197 90.977
19.425953 90.998
19.566721 91.019
19.708510 91.040
19.851326 91.060
19.995177 91.080
20.140070 91.099
20.286013 91.119
20.433014 91.138
20.581080 91.157
20.730219 91.175
20.880439 91.193
21.031747 91.211
21.184152 91.229
21.337661 91.247
21.492282 91.264
21.648024 91.281
21.804895 91.298
21.962902 91.315
22.122054 91.331
22.282360 91.348
22.443827 91.364
22.606464 91.380
22.770280 91.396
22.935283 91.412
23.101481 91.428
23.268884 91.443
23.437500 91.459
23.607338 91.474
23.778406 91.489
23.950714 91.505
24.124271 91.520
24.299086 91.535
24.475167 91.550
24.652524 91.565
24.831166 91.580
25.011103 91.594
25.192344 91.609
25.374898 91.624
25.558775 91.639
25.743984 91.654
25.930536 91.668
26.118439 91.683
26.307704 91.698
26.498341 91.713
26.690359 91.728
26.883768 91.742
27.078579 91.757
27.274801 91.772
27.472446 91.788
27.671522 91.803
27.872042 91.818
28.074014 91.834
28.277450 91.849
28.482360 91.865
28.688755 91.880
28.896645 91.896
29.106042 91.912
29.316957 91.928
29.529400 91.945
29.743382 91.961
29.958915 91.977
30.176009 91.994
30.394677 92.010
30.614929 92.027
30.836778 92.044
31.060234 92.060
31.285309 92.077
31.512015 92.094
31.740364 92.111
31.970368 92.128
32.202039 92.145
32.435388 92.161
32.670428 92.178
32.907171 92.195
33.145630 92.212
33.385817 92.228
33.627745 92.245
33.871425 92.262
34.116871 92.278
34.364096 92.295
34.613113 92.311
34.863934 92.327
35.116572 92.343
35.371041 92.360
35.627354 92.376
35.885525 92.392
36.145566 92.407
36.407492 92.423
36.671316 92.439
36.937051 92.454
37.204712 92.469
37.474313 92.485
37.745867 92.500
38.019389 92.515
38.294893 92.529
38.572394 92.544
38.851905 92.558
39.133442 92.572
39.417019 92.586
39.702651 92.600
39.990353 92.613
40.280140 92.627
40.572026 92.640
40.866028 92.652
41.162160 92.665
41.460438 92.677
41.760877 92.688
42.063494 92.700
42.368303 92.711
42.675322 92.721
42.984565 92.732
43.296048 92.741
43.609789 92.751
43.925804 92.760
44.244108 92.768
44.564719 92.776
44.887654 92.783
45.212928 92.790
45.540560 92.796
45.870565 92.802
46.202962 92.806
46.537768 92.811
46.875000 92.814
47.214676 92.817
47.556813 92.819
47.901429 92.820
48.248542 92.821
48.598171 92.821
48.950334 92.820
49.305048 92.818
49.662333 92.815
50.022206 92.811
50.384688 92.807
50.749796 92.801
51.117550 92.795
51.487969 92.788
51.861072 92.780
52.236879 92.771
52.615409 92.761
52.996681 92.750
53.380717 92.739
53.767536 92.726
54.157158 92.713
54.549603 92.699
54.944892 92.684
55.343045 92.669
55.744084 92.653
56.148028 92.636
56.554900 92.619
56.964720 92.601
57.377510 92.583
57.793291 92.564
58.212085 92.545
58.633914 92.526
59.058799 92.507
59.486764 92.487
59.917829 92.467
60.352019 92.448
60.789354 92.428
61.229859 92.408
61.673556 92.389
62.120468 92.369
62.570618 92.350
63.024031 92.332
63.480729 92.313
63.940736 92.295
64.404077 92.278
64.870776 92.260
65.340856 92.244
65.814343 92.228
66.291261 92.212
66.771635 92.197
67.255489 92.183
67.742850 92.169
68.233743 92.155
68.728193 92.143
69.226226 92.131
69.727867 92.119
70.233144 92.108
70.742083 92.097
71.254709 92.088
71.771050 92.078
72.291132 92.069
72.814984 92.061
73.342631 92.053
73.874102 92.046
74.409424 92.039
74.948626 92.032
75.491734 92.026
76.038779 92.021
76.589787 92.015
77.144788 92.011
77.703811 92.006
78.266885 92.002
78.834039 91.999
79.405303 91.995
79.980706 91.992
80.560280 91.990
81.144053 91.987
81.732056 91.985
82.324320 91.984
82.920876 91.982
83.521755 91.981
84.126988 91.980
84.736607 91.979
85.350643 91.978
85.969129 91.977
86.592097 91.977
87.219579 91.976
87.851608 91.975
88.488217 91.974
89.129439 91.973
89.775308 91.972
90.425856 91.970
91.081119 91.968
91.741131 91.966
92.405925 91.963
93.075536 91.959
93.750000 91.955
94.429351 91.950
95.113625 91.944
95.802858 91.937
96.497085 91.930
97.196342 91.921
97.900667 91.911
98.610096 91.900
99.324665 91.888
100.044413 91.874
100.769376 91.860
101.499592 91.844
102.235100 91.826
102.975938 91.807
103.722144 91.787
104.473757 91.765
105.230817 91.742
105.993363 91.717
106.761435 91.691
107.535072 91.663
108.314315 91.634
109.099206 91.603
109.889783 91.571
110.686090 91.537
111.488167 91.502
112.296056 91.465
113.109800 91.427
113.929440 91.388
114.755020 91.347
115.586582 91.305
116.424170 91.262
117.267827 91.217
118.117598 91.171
118.973527 91.124
119.835658 91.076
120.704037 91.026
121.578708 90.976
122.459718 90.925
123.347111 90.873
124.240935 90.820
125.141236 90.767
126.048061 90.714
126.961458 90.659
127.881473 90.605
128.808154 90.551
129.741551 90.497
130.681712 90.443
131.628686 90.390
132.582521 90.338
133.543269 90.286
134.510979 90.235
135.485701 90.185
136.467486 90.136
137.456386 90.088
138.452451 90.041
139.455735 89.995
140.466288 89.950
141.484165 89.905
142.509418 89.861
143.542100 89.817
144.582265 89.773
145.629968 89.729
146.685262 89.683
147.748204 89.637
148.818849 89.590
149.897251 89.540
150.983469 89.489
152.077557 89.435
153.179574 89.379
154.289576 89.320
155.407622 89.257
156.533770 89.191
157.668078 89.122
158.810606 89.048
159.961413 88.972
161.120559 88.891
162.288105 88.807
163.464112 88.719
164.648640 88.628
165.841752 88.534
167.043510 88.437
168.253976 88.337
169.473213 88.234
170.701286 88.130
171.938258 88.024
173.184194 87.915
174.439158 87.806
175.703216 87.695
176.976434 87.582
178.258878 87.468
179.550615 87.353
180.851713 87.236
182.162239 87.118
183.482262 86.998
184.811850 86.878
186.151073 86.757
187.500000 86.636
188.858702 86.517
190.227250 86.398
191.605715 86.283
192.994169 86.172
194.392685 86.067
195.801334 85.967
197.220191 85.875
198.649330 85.790
200.088825 85.712
201.538751 85.641
202.999184 85.577
204.470200 85.517
205.951875 85.460
207.444287 85.405
208.947514 85.348
210.461634 85.289
211.986726 85.226
213.522869 85.155
215.070144 85.077
216.628631 84.989
218.198411 84.891
219.779567 84.783
221.372180 84.664
222.976334 84.534
224.592112 84.396
226.219600 84.249
227.858880 84.097
229.510039 83.940
231.173164 83.783
232.848340 83.627
234.535655 83.476
236.235197 83.333
237.947054 83.201
239.671317 83.081
241.408074 82.974
243.157416 82.883
244.919435 82.807
246.694223 82.745
248.481871 82.698
250.282473 82.664
252.096123 82.644
253.922915 82.638
255.762945 82.647
257.616309 82.671
259.483103 82.712
261.363424 82.772
263.257372 82.851
265.165043 82.951
267.086538 83.072
269.021957 83.214
270.971401 83.375
272.934972 83.555
274.912771 83.749
276.904902 83.957
278.911469 84.174
280.932577 84.398
282.968330 84.626
285.018835 84.854
287.084199 85.079
289.164530 85.301
291.259935 85.515
293.370525 85.721
295.496408 85.918
297.637697 86.105
299.794503 86.282
301.966937 86.448
304.155114 86.604
306.359147 86.750
308.579152 86.888
310.815244 87.018
313.067539 87.141
315.336156 87.260
317.621211 87.375
319.922826 87.489
322.241118 87.604
324.576210 87.723
326.928223 87.846
329.297280 87.977
331.683504 88.115
334.087019 88.261
336.507952 88.415
338.946427 88.575
341.402572 88.738
343.876516 88.903
346.368387 89.067
348.878315 89.227
351.406431 89.381
353.952867 89.526
356.517756 89.660
359.101230 89.781
361.703426 89.888
364.324478 89.979
366.964523 90.054
369.623699 90.111
372.302145 90.149
375.000000 90.169
377.717405 90.168
380.454501 90.148
383.211431 90.108
385.988339 90.049
388.785369 89.970
391.602668 89.872
394.440383 89.757
397.298660 89.624
400.177650 89.474
403.077502 89.308
405.998368 89.124
408.940400 88.924
411.903750 88.706
414.888575 88.470
417.895028 88.216
420.923268 87.944
423.973452 87.652
427.045738 87.343
430.140287 87.016
433.257261 86.674
436.396822 86.317
439.559133 85.949
442.744360 85.573
445.952668 85.195
449.184225 84.819
452.439199 84.453
455.717760 84.104
459.020079 83.781
462.346327 83.491
465.696680 83.242
469.071310 83.041
472.470394 82.891
475.894109 82.795
479.342634 82.754
482.816148 82.769
486.314833 82.838
489.838871 82.961
493.388445 83.135
496.963741 83.357
500.564945 83.624
504.192245 83.933
507.845830 84.277
511.525890 84.651
515.232618 85.050
518.966206 85.467
522.726849 85.896
526.514743 86.333
530.330086 86.771
534.173076 87.206
538.043915 87.633
541.942803 88.049
545.869944 88.448
549.825542 88.829
553.809805 89.188
557.822939 89.523
561.865154 89.833
565.936660 90.116
570.037671 90.371
574.168399 90.597
578.329060 90.795
582.519870 90.965
586.741049 91.106
590.992817 91.220
595.275394 91.307
599.589005 91.367
603.933874 91.402
608.310228 91.411
612.718295 91.395
617.158304 91.355
621.630488 91.289
626.135079 91.198
630.672311 91.082
635.242423 90.940
639.845651 90.772
644.482237 90.578
649.152421 90.357
653.856447 90.110
658.594560 89.838
663.367008 89.541
668.174039 89.220
673.015903 88.879
677.892854 88.518
682.805145 88.142
687.753032 87.753
692.736774 87.358
697.756631 86.962
702.812863 86.573
707.905735 86.202
713.035511 85.859
718.202461 85.560
723.406852 85.318
728.648956 85.149
733.929047 85.064
739.247399 85.068
744.604290 85.160
750.000000 85.328
755.434809 85.558
760.909001 85.832
766.422861 86.134
771.976677 86.449
777.570739 86.763
783.205337 87.067
788.880766 87.356
794.597321 87.625
800.355301 87.871
806.155005 88.093
811.996736 88.294
817.880799 88.473
823.807501 88.634
829.777150 88.780
835.790057 88.912
841.846536 89.034
847.946903 89.146
854.091476 89.249
860.280575 89.343
866.514523 89.427
872.793644 89.499
879.118267 89.557
885.488720 89.597
891.905336 89.618
898.368450 89.617
904.878398 89.591
911.435520 89.540
918.040157 89.462
924.692655 89.357
931.393359 89.227
938.142619 89.072
944.940787 88.897
951.788218 88.705
958.685268 88.503
965.632296 88.297
972.629666 88.094
979.677741 87.904
986.776890 87.732
993.927482 87.584
1001.129891 87.463
1008.384491 87.366
1015.691660 87.293
1023.051781 87.236
1030.465236 87.189
1037.932411 87.147
1045.453698 87.103
1053.029486 87.053
1060.660172 86.994
1068.346153 86.924
1076.087829 86.841
1083.885605 86.745
1091.739887 86.635
1099.651084 86.511
1107.619609 86.373
1115.645878 86.221
1123.730308 86.058
1131.873321 85.886
1140.075341 85.711
1148.336797 85.538
1156.658119 85.376
1165.039741 85.234
1173.482099 85.121
1181.985634 85.047
1190.550789 85.017
1199.178011 85.033
1207.867749 85.092
1216.620457 85.188
1225.436590 85.312
1234.316609 85.454
1243.260976 85.605
1252.270157 85.756
1261.344623 85.900
1270.484846 86.035
1279.691303 86.156
1288.964474 86.264
1298.304842 86.358
1307.712894 86.440
1317.189120 86.510
1326.734016 86.569
1336.348077 86.616
1346.031806 86.651
1355.785708 86.670
1365.610290 86.672
1375.506065 86.654
1385.473549 86.613
1395.513261 86.547
1405.625726 86.456
1415.811469 86.339
1426.071023 86.198
1436.404921 86.033
1446.813703 85.848
1457.297912 85.645
1467.858093 85.428
1478.494798 85.201
1489.208581 84.968
1500.000000 84.736
1510.869618 84.508
1521.818002 84.290
1532.845723 84.086
1543.953355 83.902
1555.141477 83.739
1566.410674 83.599
1577.761531 83.481
1589.194642 83.380
1600.710601 83.294
1612.310010 83.218
1623.993473 83.144
1635.761599 83.070
1647.615002 82.991
1659.554299 82.907
1671.580114 82.815
1683.693072 82.720
1695.893807 82.625
1708.182952 82.536
1720.561150 82.461
1733.029045 82.408
1745.587288 82.386
1758.236533 82.401
1770.977440 82.454
1783.810673 82.548
1796.736900 82.677
1809.756796 82.837
1822.871040 83.023
1836.080315 83.226
1849.385310 83.442
1862.786718 83.667
1876.285239 83.895
1889.881575 84.124
1903.576436 84.350
1917.370535 84.572
1931.264593 84.785
1945.259332 84.990
1959.355483 85.183
1973.553781 85.364
1987.854965 85.531
2002.259781 85.684
2016.768981 85.822
2031.383320 85.946
2046.103561 86.055
2060.930471 86.148
2075.864823 86.227
2090.907395 86.290
2106.058972 86.337
2121.320344 86.369
2136.692305 86.383
2152.175658 86.379
2167.771210 86.357
2183.479774 86.315
2199.302169 86.252
2215.239219 86.169
2231.291755 86.068
2247.460615 85.951
2263.746641 85.820
2280.150683 85.683
2296.673595 85.545
2313.316238 85.413
2330.079481 85.295
2346.964198 85.198
2363.971268 85.128
2381.101578 85.088
2398.356022 85.081
2415.735498 85.108
2433.240913 85.168
2450.873180 85.259
2468.633217 85.380
2486.521951 85.529
2504.540314 85.704
2522.689246 85.903
2540.969692 86.122
2559.382606 86.358
2577.928947 86.606
2596.609683 86.860
2615.425787 87.116
2634.378241 87.368
2653.468031 87.611
2672.696154 87.843
2692.063613 88.061
2711.571415 88.263
2731.220579 88.448
2751.012130 88.616
2770.947098 88.770
2791.026522 88.910
2811.251451 89.038
2831.622938 89.157
2852.142045 89.268
2872.809842 89.373
2893.627406 89.473
2914.595823 89.569
2935.716186 89.661
2956.989596 89.750
2978.417161 89.834
3000.000000 89.913
3021.739237 89.986
3043.636005 90.053
3065.691446 90.113
3087.906710 90.168
3110.282955 90.217
3132.821347 90.261
3155.523062 90.302
3178.389283 90.341
3201.421202 90.380
3224.620020 90.418
3247.986946 90.457
3271.523198 90.495
3295.230004 90.532
3319.108599 90.567
3343.160228 90.597
3367.386145 90.622
3391.787613 90.640
3416.365904 90.649
3441.122300 90.651
3466.058091 90.645
3491.174576 90.632
3516.473066 90.614
3541.954880 90.593
3567.621345 90.569
3593.473800 90.546
3619.513592 90.523
3645.742080 90.501
3672.160630 90.483
3698.770620 90.467
3725.573436 90.455
3752.570477 90.445
3779.763150 90.439
3807.152872 90.434
3834.741071 90.429
3862.529185 90.425
3890.518664 90.419
3918.710966 90.410
3947.107561 90.396
3975.709929 90.377
4004.519563 90.351
4033.537962 90.318
4062.766641 90.278
4092.207123 90.230
4121.860942 90.175
4151.729646 90.114
4181.814790 90.046
4212.117944 89.972
4242.640687 89.893
4273.384610 89.810
4304.351317 89.724
4335.542421 89.635
4366.959549 89.546
4398.604338 89.455
4430.478438 89.365
4462.583511 89.274
4494.921231 89.182
4527.493283 89.089
4560.301365 88.993
4593.347189 88.894
4626.632476 88.791
4660.158962 88.684
4693.928395 88.571
4727.942535 88.452
4762.203156 88.327
4796.712043 88.195
4831.470996 88.058
4866.481826 87.914
4901.746360 87.767
4937.266434 87.618
4973.043902 87.471
5009.080628 87.328
5045.378492 87.193
5081.939384 87.070
5118.765212 86.959
5155.857894 86.864
5193.219366 86.784
5230.851574 86.719
5268.756481 86.668
5306.936062 86.628
5345.392309 86.595
5384.127225 86.565
5423.142830 86.535
5462.441159 86.500
5502.024259 86.456
5541.894195 86.401
5582.053045 86.332
5622.502902 86.248
5663.245876 86.151
5704.284090 86.042
5745.619684 85.923
5787.254813 85.799
5829.191647 85.674
5871.432373 85.552
5913.979192 85.437
5956.834323 85.334
6000.000000 85.245
6043.478473 85.174
6087.272010 85.123
6131.382892 85.093
6175.813420 85.086
6220.565910 85.100
6265.642695 85.134
6311.046124 85.187
6356.778566 85.254
6402.842404 85.333
6449.240040 85.420
6495.973891 85.509
6543.046396 85.599
6590.460007 85.685
6638.217197 85.764
6686.320456 85.834
6734.772290 85.891
6783.575226 85.935
6832.731809 85.965
6882.244600 85.979
6932.116181 85.977
6982.349153 85.961
7032.946133 85.931
7083.909760 85.890
7135.242690 85.840
7186.947600 85.784
7239.027185 85.725
7291.484160 85.664
7344.321260 85.605
7397.541239 85.548
7451.146872 85.494
7505.140954 85.445
7559.526299 85.399
7614.305743 85.358
7669.482141 85.320
7725.058371 85.285
7781.037328 85.254
7837.421932 85.225
7894.215122 85.200
7951.419859 85.177
8009.039125 85.158
8067.075924 85.144
8125.533282 85.133
8184.414245 85.127
8243.721885 85.126
8303.459292 85.130
8363.629581 85.139
8424.235888 85.151
8485.281374 85.167
8546.769221 85.184
8608.702634 85.202
8671.084842 85.218
8733.919097 85.231
8797.208675 85.239
8860.956876 85.240
8925.167022 85.232
8989.842461 85.215
9054.986566 85.187
9120.602731 85.148
9186.694378 85.097
9253.264952 85.036
9320.317925 84.964
9387.856790 84.882
9455.885071 84.791
9524.406312 84.694
9593.424086 84.592
9662.941992 84.488
9732.963653 84.386
9803.492719 84.291
9874.532869 84.207
9946.087805 84.140
10018.161257 84.095
10090.756983 84.078
10163.878768 84.093
10237.530423 84.146
10311.715789 84.240
10386.438732 84.376
10461.703149 84.555
10537.512962 84.776
10613.872125 85.035
10690.784618 85.327
10768.254450 85.649
10846.285661 85.994
10924.882318 86.357
11004.048518 86.731
11083.788390 87.112
11164.106090 87.494
11245.005805 87.873
11326.491752 88.245
11408.568180 88.606
11491.239368 88.952
11574.509626 89.282
11658.383294 89.594
11742.864745 89.884
11827.958384 90.153
11913.668646 90.398
12000.000000 90.619
12086.956947 90.815
12174.544019 90.985
12262.765784 91.130
12351.626840 91.249
12441.131819 91.342
12531.285389 91.411
12622.092249 91.456
12713.557132 91.477
12805.684808 91.475
12898.480079 91.452
12991.947783 91.409
13086.092792 91.345
13180.920015 91.263
13276.434395 91.163
13372.640911 91.046
13469.544580 90.912
13567.150452 90.761
13665.463617 90.594
13764.489200 90.412
13864.232362 90.214
13964.698305 90.000
14065.892266 89.772
14167.819519 89.531
14270.485380 89.277
14373.895200 89.013
14478.054370 88.742
14582.968320 88.469
14688.642520 88.199
14795.082478 87.940
14902.293745 87.701
15010.281908 87.491
15119.052599 87.319
15228.611486 87.192
15338.964283 87.113
15450.116741 87.084
15562.074656 87.099
15674.843864 87.153
15788.430244 87.235
15902.839718 87.334
16018.078250 87.443
16134.151848 87.551
16251.066563 87.652
16368.828491 87.739
16487.443769 87.810
16606.918584 87.862
16727.259161 87.891
16848.471777 87.898
16970.562748 87.882
17093.538442 87.843
17217.405268 87.782
17342.169684 87.701
17467.838194 87.601
17594.417350 87.485
17721.913751 87.357
17850.334044 87.219
17979.684923 87.076
18109.973131 86.933
18241.205462 86.795
18373.388756 86.667
18506.529905 86.553
18640.635849 86.457
18775.713581 86.380
18911.770141 86.324
19048.812624 86.285
19186.848172 86.261
19325.883983 86.248
19465.927305 86.242
19606.985439 86.239
19749.065738 86.239
19892.175609 86.238
20036.322514 86.238
