0.366211 88.742
0.368865 88.742
0.371538 88.742
0.374230 88.742
0.376942 88.742
0.379673 88.742
0.382424 88.742
0.385196 88.742
0.387987 88.742
0.390798 88.742
0.393630 88.742
0.396483 88.742
0.399356 88.742
0.402250 88.742
0.405165 88.741
0.408101 88.741
0.411058 88.741
0.414037 88.741
0.417037 88.741
0.420059 88.741
0.423103 88.741
0.426169 88.741
0.429257 88.741
0.432368 88.741
0.435501 88.741
0.438656 88.741
0.441835 88.741
0.445037 88.741
0.448262 88.741
0.451510 88.741
0.454782 88.741
0.458077 88.741
0.461397 88.741
0.464740 88.741
0.468108 88.741
0.471500 88.741
0.474917 88.741
0.478358 88.741
0.481825 88.741
0.485316 88.741
0.488833 88.741
0.492375 88.741
0.495943 88.741
0.499537 88.741
0.503157 88.741
0.506803 88.741
0.510475 88.741
0.514175 88.741
0.517900 88.741
0.521653 88.741
0.525434 88.741
0.529241 88.741
0.533076 88.741
0.536939 88.741
0.540830 88.741
0.544749 88.741
0.548696 88.741
0.552673 88.741
0.556677 88.741
0.560711 88.741
0.564774 88.740
0.568867 88.740
0.572989 88.740
0.577141 88.740
0.581324 88.740
0.585536 88.740
0.589779 88.740
0.594053 88.740
0.598358 88.740
0.602694 88.740
0.607061 88.740
0.611460 88.740
0.615891 88.740
0.620354 88.740
0.624849 88.740
0.629377 88.740
0.633938 88.740
0.638532 88.740
0.643159 88.740
0.647819 88.740
0.652514 88.740
0.657242 88.740
0.662005 88.740
0.666802 88.740
0.671634 88.740
0.676501 88.740
0.681403 88.740
0.686341 88.740
0.691314 88.740
0.696324 88.740
0.701370 88.740
0.706452 88.740
0.711571 88.739
0.716728 88.739
0.721921 88.739
0.727153 88.739
0.732422 88.739
0.737729 88.739
0.743075 88.739
0.748460 88.739
0.753883 88.739
0.759346 88.739
0.764849 88.739
0.770391 88.739
0.775974 88.739
0.781597 88.739
0.787261 88.739
0.792966 88.739
0.798712 88.739
0.804500 88.739
0.810329 88.739
0.816201 88.739
0.822116 88.739
0.828073 88.738
0.834074 88.738
0.840118 88.738
0.846206 88.738
0.852338 88.738
0.858514 88.738
0.864735 88.738
0.871001 88.738
0.877313 88.738
0.883670 88.738
0.890074 88.738
0.896524 88.738
0.903020 88.738
0.909564 88.738
0.916155 88.738
0.922794 88.738
0.929481 88.737
0.936216 88.737
0.943000 88.737
0.949834 88.737
0.956717 88.737
0.963649 88.737
0.970632 88.737
0.977666 88.737
0.984750 88.737
0.991886 88.737
0.999074 88.737
1.006314 88.737
1.013606 88.737
1.020951 88.736
1.028349 88.736
1.035801 88.736
1.043307 88.736
1.050867 88.736
1.058482 88.736
1.066152 88.736
1.073878 88.736
1.081660 88.736
1.089498 88.736
1.097393 88.736
1.105345 88.736
1.113355 88.735
1.121423 88.735
1.129549 88.735
1.137734 88.735
1.145979 88.735
1.154283 88.735
1.162647 88.735
1.171072 88.735
1.179558 88.735
1.188106 88.735
1.196715 88.734
1.205387 88.734
1.214122 88.734
1.222920 88.734
1.231782 88.734
1.240708 88.734
1.249699 88.734
1.258754 88.734
1.267876 88.734
1.277063 88.733
1.286318 88.733
1.295639 88.733
1.305027 88.733
1.314484 88.733
1.324009 88.733
1.333604 88.733
1.343268 88.733
1.353002 88.732
1.362806 88.732
1.372681 88.732
1.382628 88.732
1.392647 88.732
1.402739 88.732
1.412904 88.732
1.423142 88.732
1.433455 88.731
1.443843 88.731
1.454305 88.731
1.464844 88.731
1.475459 88.731
1.486150 88.731
1.496920 88.731
1.507767 88.730
1.518693 88.730
1.529698 88.730
1.540783 88.730
1.551948 88.730
1.563194 88.730
1.574521 88.730
1.585931 88.729
1.597423 88.729
1.608999 88.729
1.620658 88.729
1.632402 88.729
1.644232 88.729
1.656146 88.729
1.668147 88.728
1.680235 88.728
1.692411 88.728
1.704675 88.728
1.717028 88.728
1.729470 88.728
1.742003 88.727
1.754626 88.727
1.767341 88.727
1.780147 88.727
1.793047 88.727
1.806040 88.727
1.819128 88.726
1.832310 88.726
1.845587 88.726
1.858961 88.726
1.872432 88.726
1.886001 88.726
1.899667 88.725
1.913433 88.725
1.927299 88.725
1.941265 88.725
1.955332 88.725
1.969501 88.725
1.983773 88.724
1.998148 88.724
2.012627 88.724
2.027212 88.724
2.041902 88.724
2.056698 88.724
2.071602 88.723
2.086614 88.723
2.101734 88.723
2.116964 88.723
2.132304 88.723
2.147756 88.723
2.163320 88.722
2.178996 88.722
2.194786 88.722
2.210690 88.722
2.226710 88.722
2.242845 88.722
2.259098 88.721
2.275468 88.721
2.291957 88.721
2.308566 88.721
2.325295 88.721
2.342145 88.721
2.359117 88.720
2.376212 88.720
2.393431 88.720
2.410775 88.720
2.428244 88.720
2.445840 88.720
2.463564 88.720
2.481416 88.719
2.499397 88.719
2.517509 88.719
2.535752 88.719
2.554127 88.719
2.572635 88.719
2.591277 88.719
2.610055 88.719
2.628968 88.718
2.648019 88.718
2.667208 88.718
2.686535 88.718
2.706003 88.718
2.725612 88.718
2.745363 88.718
2.765257 88.718
2.785295 88.718
2.805478 88.717
2.825808 88.717
2.846285 88.717
2.866910 88.717
2.887685 88.717
2.908611 88.717
2.929688 88.717
2.950917 88.717
2.972301 88.717
2.993839 88.717
3.015534 88.717
3.037386 88.717
3.059396 88.717
3.081565 88.717
3.103896 88.717
3.126388 88.717
3.149043 88.717
3.171862 88.717
3.194847 88.717
3.217998 88.716
3.241317 88.716
3.264805 88.716
3.288463 88.716
3.312293 88.716
3.336295 88.716
3.360471 88.717
3.384822 88.717
3.409350 88.717
3.434056 88.717
3.458940 88.717
3.484005 88.717
3.509252 88.717
3.534681 88.717
3.560295 88.717
3.586094 88.717
3.612081 88.717
3.638255 88.717
3.664620 88.717
3.691175 88.717
3.717923 88.717
3.744864 88.717
3.772001 88.717
3.799335 88.717
3.826866 88.718
3.854597 88.718
3.882529 88.718
3.910664 88.718
3.939002 88.718
3.967546 88.718
3.996296 88.718
4.025255 88.718
4.054423 88.718
4.083804 88.719
4.113396 88.719
4.143204 88.719
4.173227 88.719
4.203468 88.719
4.233928 88.719
4.264609 88.719
4.295512 88.720
4.326639 88.720
4.357992 88.720
4.389572 88.720
4.421380 88.720
4.453419 88.720
4.485691 88.720
4.518196 88.720
4.550936 88.721
4.583914 88.721
4.617131 88.721
4.650589 88.721
4.684289 88.721
4.718233 88.721
4.752424 88.721
4.786862 88.721
4.821549 88.721
4.856488 88.722
4.891680 88.722
4.927127 88.722
4.962831 88.722
4.998794 88.722
5.035017 88.722
5.071503 88.722
5.108253 88.722
5.145270 88.722
5.182555 88.722
5.220110 88.722
5.257937 88.722
5.296038 88.722
5.334415 88.722
5.373071 88.722
5.412006 88.722
5.451224 88.722
5.490725 88.721
5.530514 88.721
5.570590 88.721
5.610957 88.721
5.651616 88.721
5.692570 88.721
5.733821 88.720
5.775370 88.720
5.817221 88.720
5.859375 88.720
5.901834 88.719
5.944602 88.719
5.987679 88.719
6.031068 88.718
6.074771 88.718
6.118792 88.718
6.163131 88.717
6.207792 88.717
6.252776 88.716
6.298086 88.716
6.343725 88.715
6.389694 88.715
6.435996 88.714
6.482634 88.714
6.529610 88.713
6.576926 88.712
6.624585 88.712
6.672590 88.711
6.720942 88.711
6.769645 88.710
6.818700 88.709
6.868111 88.709
6.917881 88.708
6.968010 88.707
7.018504 88.706
7.069362 88.706
7.120590 88.705
7.172189 88.704
7.224161 88.703
7.276511 88.703
7.329239 88.702
7.382350 88.701
7.435845 88.700
7.489729 88.700
7.544002 88.699
7.598669 88.698
7.653732 88.697
7.709194 88.697
7.765058 88.696
7.821327 88.695
7.878004 88.694
7.935091 88.694
7.992592 88.693
8.050510 88.692
8.108847 88.692
8.167607 88.691
8.226793 88.690
8.286408 88.690
8.346454 88.689
8.406936 88.688
8.467856 88.688
8.529218 88.687
8.591024 88.687
8.653278 88.686
8.715983 88.686
8.779143 88.685
8.842760 88.685
8.906839 88.684
8.971381 88.684
9.036392 88.684
9.101873 88.683
9.167829 88.683
9.234263 88.683
9.301178 88.683
9.368578 88.682
9.436467 88.682
9.504847 88.682
9.573723 88.682
9.643099 88.682
9.712976 88.681
9.783361 88.681
9.854255 88.681
9.925663 88.681
9.997588 88.681
10.070035 88.681
10.143007 88.681
10.216507 88.681
10.290540 88.681
10.365109 88.680
10.440219 88.680
10.515873 88.680
10.592076 88.680
10.668830 88.680
10.746141 88.680
10.824012 88.680
10.902447 88.679
10.981451 88.679
11.061027 88.679
11.141180 88.679
11.221913 88.678
11.303232 88.678
11.385140 88.678
11.467641 88.677
11.550741 88.677
11.634442 88.676
11.718750 88.676
11.803669 88.675
11.889203 88.675
11.975357 88.674
12.062136 88.674
12.149543 88.673
12.237583 88.672
12.326262 88.672
12.415583 88.671
12.505552 88.670
12.596172 88.670
12.687449 88.669
12.779387 88.668
12.871992 88.667
12.965268 88.666
13.059220 88.666
13.153852 88.665
13.249170 88.664
13.345179 88.663
13.441884 88.662
13.539289 88.662
13.637401 88.661
13.736223 88.660
13.835761 88.660
13.936021 88.659
14.037007 88.658
14.138725 88.658
14.241180 88.657
14.344377 88.657
14.448323 88.656
14.553021 88.656
14.658478 88.655
14.764700 88.655
14.871691 88.655
14.979457 88.654
15.088005 88.654
15.197339 88.654
15.307465 88.654
15.418389 88.654
15.530117 88.654
15.642655 88.654
15.756008 88.653
15.870182 88.653
15.985184 88.653
16.101019 88.653
16.217694 88.654
16.335214 88.654
16.453586 88.654
16.572815 88.654
16.692909 88.654
16.813872 88.654
16.935713 88.654
17.058436 88.654
17.182048 88.654
17.306556 88.654
17.431967 88.654
17.558286 88.654
17.685521 88.654
17.813677 88.654
17.942762 88.654
18.072783 88.653
18.203746 88.653
18.335658 88.653
18.468526 88.653
18.602356 88.653
18.737156 88.653
18.872934 88.653
19.009695 88.653
19.147447 88.653
19.286197 88.652
19.425953 88.652
19.566721 88.652
19.708510 88.652
19.851326 88.652
19.995177 88.652
20.140070 88.652
20.286013 88.652
20.433014 88.653
20.581080 88.653
20.730219 88.653
20.880439 88.653
21.031747 88.653
21.184152 88.654
21.337661 88.654
21.492282 88.654
21.648024 88.655
21.804895 88.655
21.962902 88.655
22.122054 88.656
22.282360 88.656
22.443827 88.657
22.606464 88.657
22.770280 88.657
22.935283 88.658
23.101481 88.658
23.268884 88.658
23.437500 88.659
23.607338 88.659
23.778406 88.659
23.950714 88.659
24.124271 88.660
24.299086 88.660
24.475167 88.660
24.652524 88.660
24.831166 88.660
25.011103 88.660
25.192344 88.661
25.374898 88.661
25.558775 88.661
25.743984 88.661
25.930536 88.661
26.118439 88.661
26.307704 88.661
26.498341 88.661
26.690359 88.661
26.883768 88.661
27.078579 88.661
27.274801 88.661
27.472446 88.660
27.671522 88.660
27.872042 88.660
28.074014 88.660
28.277450 88.660
28.482360 88.659
28.688755 88.659
28.896645 88.658
29.106042 88.658
29.316957 88.657
29.529400 88.657
29.743382 88.656
29.958915 88.655
30.176009 88.655
30.394677 88.654
30.614929 88.653
30.836778 88.652
31.060234 88.651
31.285309 88.650
31.512015 88.648
31.740364 88.647
31.970368 88.646
32.202039 88.644
32.435388 88.643
32.670428 88.641
32.907171 88.640
33.145630 88.638
33.385817 88.636
33.627745 88.635
33.871425 88.633
34.116871 88.631
34.364096 88.629
34.613113 88.627
34.863934 88.625
35.116572 88.623
35.371041 88.620
35.627354 88.618
35.885525 88.616
36.145566 88.613
36.407492 88.611
36.671316 88.608
36.937051 88.605
37.204712 88.603
37.474313 88.600
37.745867 88.597
38.019389 88.594
38.294893 88.591
38.572394 88.588
38.851905 88.585
39.133442 88.582
39.417019 88.579
39.702651 88.576
39.990353 88.573
40.280140 88.570
40.572026 88.567
40.866028 88.564
41.162160 88.561
41.460438 88.558
41.760877 88.555
42.063494 88.552
42.368303 88.549
42.675322 88.546
42.984565 88.543
43.296048 88.540
43.609789 88.537
43.925804 88.534
44.244108 88.531
44.564719 88.528
44.887654 88.525
45.212928 88.522
45.540560 88.520
45.870565 88.517
46.202962 88.515
46.537768 88.512
46.875000 88.509
47.214676 88.507
47.556813 88.505
47.901429 88.502
48.248542 88.500
48.598171 88.498
48.950334 88.496
49.305048 88.494
49.662333 88.492
50.022206 88.490
50.384688 88.488
50.749796 88.486
51.117550 88.484
51.487969 88.482
51.861072 88.480
52.236879 88.479
52.615409 88.477
52.996681 88.475
53.380717 88.473
53.767536 88.471
54.157158 88.470
54.549603 88.468
54.944892 88.466
55.343045 88.464
55.744084 88.462
56.148028 88.460
56.554900 88.458
56.964720 88.456
57.377510 88.453
57.793291 88.451
58.212085 88.448
58.633914 88.446
59.058799 88.443
59.486764 88.440
59.917829 88.437
60.352019 88.434
60.789354 88.430
61.229859 88.427
61.673556 88.423
62.120468 88.419
62.570618 88.415
63.024031 88.411
63.480729 88.406
63.940736 88.401
64.404077 88.397
64.870776 88.391
65.340856 88.386
65.814343 88.381
66.291261 88.375
66.771635 88.369
67.255489 88.363
67.742850 88.357
68.233743 88.351
68.728193 88.344
69.226226 88.338
69.727867 88.331
70.233144 88.324
70.742083 88.317
71.254709 88.310
71.771050 88.303
72.291132 88.296
72.814984 88.288
73.342631 88.281
73.874102 88.274
74.409424 88.266
74.948626 88.259
75.491734 88.252
76.038779 88.245
76.589787 88.237
77.144788 88.230
77.703811 88.223
78.266885 88.216
78.834039 88.209
79.405303 88.202
79.980706 88.195
80.560280 88.188
81.144053 88.181
81.732056 88.175
82.324320 88.168
82.920876 88.161
83.521755 88.155
84.126988 88.148
84.736607 88.141
85.350643 88.135
85.969129 88.128
86.592097 88.121
87.219579 88.115
87.851608 88.108
88.488217 88.101
89.129439 88.094
89.775308 88.087
90.425856 88.079
91.081119 88.072
91.741131 88.064
92.405925 88.057
93.075536 88.049
93.750000 88.041
94.429351 88.032
95.113625 88.024
95.802858 88.015
96.497085 88.006
97.196342 87.997
97.900667 87.988
98.610096 87.978
99.324665 87.969
100.044413 87.959
100.769376 87.949
101.499592 87.939
102.235100 87.928
102.975938 87.918
103.722144 87.908
104.473757 87.897
105.230817 87.886
105.993363 87.875
106.761435 87.865
107.535072 87.854
108.314315 87.843
109.099206 87.832
109.889783 87.821
110.686090 87.811
111.488167 87.800
112.296056 87.789
113.109800 87.778
113.929440 87.768
114.755020 87.757
115.586582 87.746
116.424170 87.735
117.267827 87.724
118.117598 87.713
118.973527 87.701
119.835658 87.689
120.704037 87.677
121.578708 87.665
122.459718 87.652
123.347111 87.638
124.240935 87.624
125.141236 87.609
126.048061 87.594
126.961458 87.578
127.881473 87.560
128.808154 87.542
129.741551 87.523
130.681712 87.503
131.628686 87.482
132.582521 87.460
133.543269 87.436
134.510979 87.412
135.485701 87.386
136.467486 87.359
137.456386 87.331
138.452451 87.302
139.455735 87.271
140.466288 87.239
141.484165 87.205
142.509418 87.170
143.542100 87.134
144.582265 87.097
145.629968 87.057
146.685262 87.017
147.748204 86.975
148.818849 86.931
149.897251 86.886
150.983469 86.840
152.077557 86.792
153.179574 86.743
154.289576 86.693
155.407622 86.641
156.533770 86.589
157.668078 86.535
158.810606 86.480
159.961413 86.425
161.120559 86.370
162.288105 86.314
163.464112 86.258
164.648640 86.201
165.841752 86.145
167.043510 86.089
168.253976 86.034
169.473213 85.980
170.701286 85.926
171.938258 85.873
173.184194 85.822
174.439158 85.773
175.703216 85.726
176.976434 85.681
178.258878 85.638
179.550615 85.599
180.851713 85.564
182.162239 85.532
183.482262 85.504
184.811850 85.481
186.151073 85.463
187.500000 85.450
188.858702 85.442
190.227250 85.440
191.605715 85.444
192.994169 85.453
194.392685 85.469
195.801334 85.490
197.220191 85.517
198.649330 85.550
200.088825 85.588
201.538751 85.632
202.999184 85.681
204.470200 85.734
205.951875 85.791
207.444287 85.851
208.947514 85.914
210.461634 85.978
211.986726 86.043
213.522869 86.107
215.070144 86.169
216.628631 86.228
218.198411 86.283
219.779567 86.334
221.372180 86.379
222.976334 86.418
224.592112 86.451
226.219600 86.477
227.858880 86.497
229.510039 86.511
231.173164 86.521
232.848340 86.526
234.535655 86.528
236.235197 86.528
237.947054 86.527
239.671317 86.527
241.408074 86.528
243.157416 86.532
244.919435 86.538
246.694223 86.549
248.481871 86.563
250.282473 86.582
252.096123 86.604
253.922915 86.631
255.762945 86.660
257.616309 86.693
259.483103 86.728
261.363424 86.765
263.257372 86.803
265.165043 86.840
267.086538 86.877
269.021957 86.912
270.971401 86.944
272.934972 86.972
274.912771 86.995
276.904902 87.013
278.911469 87.025
280.932577 87.031
282.968330 87.030
285.018835 87.022
287.084199 87.008
289.164530 86.990
291.259935 86.969
293.370525 86.945
295.496408 86.922
297.637697 86.900
299.794503 86.881
301.966937 86.867
304.155114 86.857
306.359147 86.852
308.579152 86.852
310.815244 86.855
313.067539 86.859
315.336156 86.864
317.621211 86.867
319.922826 86.868
322.241118 86.864
324.576210 86.855
326.928223 86.841
329.297280 86.821
331.683504 86.796
334.087019 86.766
336.507952 86.734
338.946427 86.700
341.402572 86.667
343.876516 86.636
346.368387 86.608
348.878315 86.585
351.406431 86.569
353.952867 86.560
356.517756 86.558
359.101230 86.563
361.703426 86.573
364.324478 86.586
366.964523 86.601
369.623699 86.616
372.302145 86.629
375.000000 86.637
377.717405 86.639
380.454501 86.635
383.211431 86.625
385.988339 86.608
388.785369 86.586
391.602668 86.561
394.440383 86.533
397.298660 86.506
400.177650 86.479
403.077502 86.456
405.998368 86.437
408.940400 86.423
411.903750 86.413
414.888575 86.409
417.895028 86.410
420.923268 86.414
423.973452 86.422
427.045738 86.433
430.140287 86.446
433.257261 86.459
436.396822 86.473
439.559133 86.486
442.744360 86.498
445.952668 86.508
449.184225 86.516
452.439199 86.521
455.717760 86.523
459.020079 86.524
462.346327 86.522
465.696680 86.518
469.071310 86.514
472.470394 86.510
475.894109 86.506
479.342634 86.505
482.816148 86.506
486.314833 86.511
489.838871 86.521
493.388445 86.536
496.963741 86.556
500.564945 86.581
504.192245 86.610
507.845830 86.642
511.525890 86.674
515.232618 86.706
518.966206 86.736
522.726849 86.761
526.514743 86.782
530.330086 86.798
534.173076 86.807
538.043915 86.812
541.942803 86.812
545.869944 86.809
549.825542 86.804
553.809805 86.799
557.822939 86.795
561.865154 86.793
565.936660 86.795
570.037671 86.801
574.168399 86.810
578.329060 86.822
582.519870 86.837
586.741049 86.855
590.992817 86.873
595.275394 86.891
599.589005 86.908
603.933874 86.925
608.310228 86.940
612.718295 86.954
617.158304 86.967
621.630488 86.979
626.135079 86.990
630.672311 87.001
635.242423 87.013
639.845651 87.024
644.482237 87.036
649.152421 87.048
653.856447 87.060
658.594560 87.073
663.367008 87.086
668.174039 87.099
673.015903 87.113
677.892854 87.126
682.805145 87.140
687.753032 87.154
692.736774 87.169
697.756631 87.185
702.812863 87.204
707.905735 87.225
713.035511 87.250
718.202461 87.278
723.406852 87.311
728.648956 87.346
733.929047 87.384
739.247399 87.424
744.604290 87.465
750.000000 87.506
755.434809 87.547
760.909001 87.587
766.422861 87.626
771.976677 87.664
777.570739 87.699
783.205337 87.731
788.880766 87.762
794.597321 87.790
800.355301 87.816
806.155005 87.842
811.996736 87.867
817.880799 87.893
823.807501 87.920
829.777150 87.949
835.790057 87.979
841.846536 88.011
847.946903 88.044
854.091476 88.078
860.280575 88.111
866.514523 88.143
872.793644 88.173
879.118267 88.201
885.488720 88.226
891.905336 88.249
898.368450 88.268
904.878398 88.286
911.435520 88.301
918.040157 88.315
924.692655 88.327
931.393359 88.337
938.142619 88.347
944.940787 88.354
951.788218 88.360
958.685268 88.363
965.632296 88.364
972.629666 88.363
979.677741 88.360
986.776890 88.356
993.927482 88.350
1001.129891 88.343
1008.384491 88.335
1015.691660 88.327
1023.051781 88.320
1030.465236 88.313
1037.932411 88.308
1045.453698 88.304
1053.029486 88.302
1060.660172 88.302
1068.346153 88.303
1076.087829 88.304
1083.885605 88.306
1091.739887 88.308
1099.651084 88.310
1107.619609 88.312
1115.645878 88.314
1123.730308 88.315
1131.873321 88.316
1140.075341 88.317
1148.336797 88.318
1156.658119 88.319
1165.039741 88.321
1173.482099 88.324
1181.985634 88.328
1190.550789 88.333
1199.178011 88.339
1207.867749 88.347
1216.620457 88.355
1225.436590 88.364
1234.316609 88.372
1243.260976 88.379
1252.270157 88.385
1261.344623 88.389
1270.484846 88.391
1279.691303 88.391
1288.964474 88.389
1298.304842 88.385
1307.712894 88.381
1317.189120 88.375
1326.734016 88.370
1336.348077 88.365
1346.031806 88.361
1355.785708 88.359
1365.610290 88.357
1375.506065 88.357
1385.473549 88.357
1395.513261 88.358
1405.625726 88.359
1415.811469 88.359
1426.071023 88.359
1436.404921 88.358
1446.813703 88.357
1457.297912 88.354
1467.858093 88.352
1478.494798 88.348
1489.208581 88.344
1500.000000 88.339
1510.869618 88.334
1521.818002 88.328
1532.845723 88.322
1543.953355 88.314
1555.141477 88.305
1566.410674 88.294
1577.761531 88.282
1589.194642 88.266
1600.710601 88.247
1612.310010 88.224
1623.993473 88.197
1635.761599 88.164
1647.615002 88.126
1659.554299 88.083
1671.580114 88.033
1683.693072 87.977
1695.893807 87.914
1708.182952 87.846
1720.561150 87.772
1733.029045 87.693
1745.587288 87.609
1758.236533 87.522
1770.977440 87.432
1783.810673 87.340
1796.736900 87.246
1809.756796 87.153
1822.871040 87.059
1836.080315 86.968
1849.385310 86.879
1862.786718 86.793
1876.285239 86.712
1889.881575 86.636
1903.576436 86.565
1917.370535 86.501
1931.264593 86.442
1945.259332 86.389
1959.355483 86.341
1973.553781 86.296
1987.854965 86.256
2002.259781 86.217
2016.768981 86.181
2031.383320 86.147
2046.103561 86.114
2060.930471 86.083
2075.864823 86.055
2090.907395 86.030
2106.058972 86.008
2121.320344 85.990
2136.692305 85.978
2152.175658 85.970
2167.771210 85.967
2183.479774 85.970
2199.302169 85.978
2215.239219 85.991
2231.291755 86.010
2247.460615 86.034
2263.746641 86.065
2280.150683 86.101
2296.673595 86.144
2313.316238 86.194
2330.079481 86.251
2346.964198 86.316
2363.971268 86.389
2381.101578 86.470
2398.356022 86.559
2415.735498 86.657
2433.240913 86.764
2450.873180 86.879
2468.633217 87.002
2486.521951 87.132
2504.540314 87.269
2522.689246 87.413
2540.969692 87.562
2559.382606 87.715
2577.928947 87.871
2596.609683 88.030
2615.425787 88.189
2634.378241 88.348
2653.468031 88.505
2672.696154 88.659
2692.063613 88.810
2711.571415 88.958
2731.220579 89.100
2751.012130 89.237
2770.947098 89.369
2791.026522 89.496
2811.251451 89.617
2831.622938 89.734
2852.142045 89.845
2872.809842 89.952
2893.627406 90.054
2914.595823 90.152
2935.716186 90.245
2956.989596 90.334
2978.417161 90.420
3000.000000 90.501
3021.739237 90.578
3043.636005 90.652
3065.691446 90.722
3087.906710 90.789
3110.282955 90.852
3132.821347 90.913
3155.523062 90.971
3178.389283 91.027
3201.421202 91.080
3224.620020 91.131
3247.986946 91.180
3271.523198 91.227
3295.230004 91.271
3319.108599 91.314
3343.160228 91.354
3367.386145 91.392
3391.787613 91.427
3416.365904 91.459
3441.122300 91.488
3466.058091 91.513
3491.174576 91.534
3516.473066 91.551
3541.954880 91.564
3567.621345 91.572
3593.473800 91.575
3619.513592 91.574
3645.742080 91.568
3672.160630 91.557
3698.770620 91.541
3725.573436 91.521
3752.570477 91.496
3779.763150 91.467
3807.152872 91.434
3834.741071 91.397
3862.529185 91.356
3890.518664 91.312
3918.710966 91.264
3947.107561 91.213
3975.709929 91.160
4004.519563 91.104
4033.537962 91.046
4062.766641 90.986
4092.207123 90.924
4121.860942 90.860
4151.729646 90.794
4181.814790 90.725
4212.117944 90.655
4242.640687 90.581
4273.384610 90.504
4304.351317 90.425
4335.542421 90.341
4366.959549 90.254
4398.604338 90.163
4430.478438 90.069
4462.583511 89.970
4494.921231 89.867
4527.493283 89.761
4560.301365 89.651
4593.347189 89.539
4626.632476 89.423
4660.158962 89.305
4693.928395 89.184
4727.942535 89.060
4762.203156 88.934
4796.712043 88.806
4831.470996 88.675
4866.481826 88.541
4901.746360 88.403
4937.266434 88.262
4973.043902 88.116
5009.080628 87.965
5045.378492 87.809
5081.939384 87.647
5118.765212 87.479
5155.857894 87.304
5193.219366 87.123
5230.851574 86.937
5268.756481 86.745
5306.936062 86.548
5345.392309 86.347
5384.127225 86.142
5423.142830 85.936
5462.441159 85.728
5502.024259 85.520
5541.894195 85.314
5582.053045 85.110
5622.502902 84.908
5663.245876 84.711
5704.284090 84.518
5745.619684 84.330
5787.254813 84.147
5829.191647 83.970
5871.432373 83.798
5913.979192 83.631
5956.834323 83.470
6000.000000 83.315
6043.478473 83.166
6087.272010 83.023
6131.382892 82.888
6175.813420 82.760
6220.565910 82.642
6265.642695 82.532
6311.046124 82.434
6356.778566 82.346
6402.842404 82.270
6449.240040 82.206
6495.973891 82.155
6543.046396 82.116
6590.460007 82.089
6638.217197 82.074
6686.320456 82.071
6734.772290 82.079
6783.575226 82.100
6832.731809 82.131
6882.244600 82.173
6932.116181 82.225
6982.349153 82.287
7032.946133 82.359
7083.909760 82.439
7135.242690 82.527
7186.947600 82.624
7239.027185 82.729
7291.484160 82.840
7344.321260 82.960
7397.541239 83.086
7451.146872 83.220
7505.140954 83.361
7559.526299 83.509
7614.305743 83.664
7669.482141 83.824
7725.058371 83.988
7781.037328 84.157
7837.421932 84.327
7894.215122 84.498
7951.419859 84.667
8009.039125 84.834
8067.075924 84.997
8125.533282 85.154
8184.414245 85.303
8243.721885 85.444
8303.459292 85.575
8363.629581 85.696
8424.235888 85.805
8485.281374 85.901
8546.769221 85.983
8608.702634 86.052
8671.084842 86.106
8733.919097 86.145
8797.208675 86.169
8860.956876 86.178
8925.167022 86.172
8989.842461 86.152
9054.986566 86.117
9120.602731 86.069
9186.694378 86.008
9253.264952 85.935
9320.317925 85.850
9387.856790 85.756
9455.885071 85.652
9524.406312 85.540
9593.424086 85.422
9662.941992 85.300
9732.963653 85.176
9803.492719 85.055
9874.532869 84.939
9946.087805 84.833
10018.161257 84.743
10090.756983 84.673
10163.878768 84.629
10237.530423 84.618
10311.715789 84.642
10386.438732 84.705
10461.703149 84.810
10537.512962 84.955
10613.872125 85.139
10690.784618 85.357
10768.254450 85.606
10846.285661 85.879
10924.882318 86.171
11004.048518 86.477
11083.788390 86.792
11164.106090 87.111
11245.005805 87.431
11326.491752 87.750
11408.568180 88.063
11491.239368 88.370
11574.509626 88.669
11658.383294 88.957
11742.864745 89.235
11827.958384 89.502
11913.668646 89.756
12000.000000 89.998
12086.956947 90.227
12174.544019 90.443
12262.765784 90.646
12351.626840 90.835
12441.131819 91.010
12531.285389 91.172
12622.092249 91.320
12713.557132 91.454
12805.684808 91.573
12898.480079 91.678
12991.947783 91.769
13086.092792 91.844
13180.920015 91.905
13276.434395 91.950
13372.640911 91.979
13469.544580 91.991
13567.150452 91.987
13665.463617 91.965
13764.489200 91.926
13864.232362 91.869
13964.698305 91.794
14065.892266 91.701
14167.819519 91.589
14270.485380 91.460
14373.895200 91.313
14478.054370 91.151
14582.968320 90.975
14688.642520 90.787
14795.082478 90.591
14902.293745 90.390
15010.281908 90.189
15119.052599 89.994
15228.611486 89.809
15338.964283 89.640
15450.116741 89.491
15562.074656 89.367
15674.843864 89.269
15788.430244 89.197
15902.839718 89.149
16018.078250 89.122
16134.151848 89.112
16251.066563 89.113
16368.828491 89.121
16487.443769 89.131
16606.918584 89.138
16727.259161 89.141
16848.471777 89.135
16970.562748 89.119
17093.538442 89.092
17217.405268 89.053
17342.169684 89.003
17467.838194 88.941
17594.417350 88.869
17721.913751 88.789
17850.334044 88.703
17979.684923 88.613
18109.973131 88.523
18241.205462 88.435
18373.388756 88.354
18506.529905 88.282
18640.635849 88.220
18775.713581 88.171
18911.770141 88.134
19048.812624 88.109
19186.848172 88.093
19325.883983 88.085
19465.927305 88.081
19606.985439 88.079
19749.065738 88.079
19892.175609 88.079
20036.322514 88.079
