0.366211 86.012
0.368865 86.012
0.371538 86.012
0.374230 86.012
0.376942 86.012
0.379673 86.012
0.382424 86.012
0.385196 86.012
0.387987 86.012
0.390798 86.012
0.393630 86.012
0.396483 86.012
0.399356 86.012
0.402250 86.012
0.405165 86.012
0.408101 86.012
0.411058 86.012
0.414037 86.012
0.417037 86.012
0.420059 86.012
0.423103 86.012
0.426169 86.012
0.429257 86.012
0.432368 86.012
0.435501 86.012
0.438656 86.012
0.441835 86.012
0.445037 86.012
0.448262 86.012
0.451510 86.012
0.454782 86.012
0.458077 86.012
0.461397 86.012
0.464740 86.012
0.468108 86.012
0.471500 86.012
0.474917 86.012
0.478358 86.012
0.481825 86.012
0.485316 86.012
0.488833 86.012
0.492375 86.012
0.495943 86.012
0.499537 86.012
0.503157 86.012
0.506803 86.012
0.510475 86.012
0.514175 86.012
0.517900 86.012
0.521653 86.012
0.525434 86.012
0.529241 86.012
0.533076 86.012
0.536939 86.012
0.540830 86.012
0.544749 86.012
0.548696 86.012
0.552673 86.012
0.556677 86.012
0.560711 86.012
0.564774 86.012
0.568867 86.012
0.572989 86.012
0.577141 86.012
0.581324 86.012
0.585536 86.012
0.589779 86.012
0.594053 86.012
0.598358 86.012
0.602694 86.012
0.607061 86.012
0.611460 86.012
0.615891 86.012
0.620354 86.012
0.624849 86.012
0.629377 86.012
0.633938 86.012
0.638532 86.012
0.643159 86.012
0.647819 86.012
0.652514 86.012
0.657242 86.012
0.662005 86.012
0.666802 86.012
0.671634 86.012
0.676501 86.012
0.681403 86.012
0.686341 86.012
0.691314 86.012
0.696324 86.012
0.701370 86.012
0.706452 86.011
0.711571 86.011
0.716728 86.011
0.721921 86.011
0.727153 86.011
0.732422 86.011
0.737729 86.011
0.743075 86.011
0.748460 86.011
0.753883 86.011
0.759346 86.011
0.764849 86.011
0.770391 86.011
0.775974 86.011
0.781597 86.011
0.787261 86.011
0.792966 86.011
0.798712 86.011
0.804500 86.011
0.810329 86.011
0.816201 86.011
0.822116 86.011
0.828073 86.011
0.834074 86.011
0.840118 86.011
0.846206 86.011
0.852338 86.011
0.858514 86.011
0.864735 86.011
0.871001 86.011
0.877313 86.011
0.883670 86.011
0.890074 86.011
0.896524 86.011
0.903020 86.011
0.909564 86.011
0.916155 86.011
0.922794 86.011
0.929481 86.011
0.936216 86.011
0.943000 86.011
0.949834 86.011
0.956717 86.011
0.963649 86.011
0.970632 86.011
0.977666 86.011
0.984750 86.011
0.991886 86.011
0.999074 86.011
1.006314 86.011
1.013606 86.011
1.020951 86.011
1.028349 86.011
1.035801 86.011
1.043307 86.011
1.050867 86.011
1.058482 86.011
1.066152 86.011
1.073878 86.011
1.081660 86.011
1.089498 86.011
1.097393 86.011
1.105345 86.011
1.113355 86.011
1.121423 86.011
1.129549 86.011
1.137734 86.011
1.145979 86.011
1.154283 86.011
1.162647 86.011
1.171072 86.011
1.179558 86.011
1.188106 86.011
1.196715 86.011
1.205387 86.011
1.214122 86.011
1.222920 86.011
1.231782 86.011
1.240708 86.011
1.249699 86.011
1.258754 86.011
1.267876 86.011
1.277063 86.011
1.286318 86.011
1.295639 86.011
1.305027 86.011
1.314484 86.011
1.324009 86.011
1.333604 86.011
1.343268 86.011
1.353002 86.011
1.362806 86.011
1.372681 86.011
1.382628 86.011
1.392647 86.011
1.402739 86.011
1.412904 86.011
1.423142 86.011
1.433455 86.011
1.443843 86.011
1.454305 86.011
1.464844 86.011
1.475459 86.011
1.486150 86.011
1.496920 86.011
1.507767 86.011
1.518693 86.011
1.529698 86.011
1.540783 86.011
1.551948 86.011
1.563194 86.011
1.574521 86.011
1.585931 86.011
1.597423 86.011
1.608999 86.011
1.620658 86.011
1.632402 86.011
1.644232 86.011
1.656146 86.011
1.668147 86.011
1.680235 86.011
1.692411 86.011
1.704675 86.011
1.717028 86.011
1.729470 86.011
1.742003 86.011
1.754626 86.011
1.767341 86.011
1.780147 86.011
1.793047 86.011
1.806040 86.011
1.819128 86.011
1.832310 86.011
1.845587 86.011
1.858961 86.011
1.872432 86.011
1.886001 86.011
1.899667 86.011
1.913433 86.011
1.927299 86.011
1.941265 86.011
1.955332 86.011
1.969501 86.011
1.983773 86.011
1.998148 86.011
2.012627 86.011
2.027212 86.011
2.041902 86.011
2.056698 86.011
2.071602 86.011
2.086614 86.011
2.101734 86.011
2.116964 86.011
2.132304 86.011
2.147756 86.011
2.163320 86.011
2.178996 86.011
2.194786 86.011
2.210690 86.011
2.226710 86.011
2.242845 86.011
2.259098 86.011
2.275468 86.011
2.291957 86.011
2.308566 86.011
2.325295 86.011
2.342145 86.011
2.359117 86.011
2.376212 86.011
2.393431 86.011
2.410775 86.011
2.428244 86.011
2.445840 86.011
2.463564 86.012
2.481416 86.012
2.499397 86.012
2.517509 86.012
2.535752 86.012
2.554127 86.012
2.572635 86.012
2.591277 86.012
2.610055 86.012
2.628968 86.012
2.648019 86.012
2.667208 86.012
2.686535 86.012
2.706003 86.012
2.725612 86.012
2.745363 86.012
2.765257 86.012
2.785295 86.012
2.805478 86.012
2.825808 86.012
2.846285 86.012
2.866910 86.012
2.887685 86.012
2.908611 86.012
2.929688 86.012
2.950917 86.012
2.972301 86.012
2.993839 86.012
3.015534 86.012
3.037386 86.011
3.059396 86.011
3.081565 86.011
3.103896 86.011
3.126388 86.011
3.149043 86.011
3.171862 86.011
3.194847 86.011
3.217998 86.011
3.241317 86.011
3.264805 86.011
3.288463 86.011
3.312293 86.011
3.336295 86.011
3.360471 86.011
3.384822 86.011
3.409350 86.011
3.434056 86.011
3.458940 86.011
3.484005 86.011
3.509252 86.011
3.534681 86.011
3.560295 86.011
3.586094 86.011
3.612081 86.011
3.638255 86.011
3.664620 86.011
3.691175 86.011
3.717923 86.011
3.744864 86.011
3.772001 86.011
3.799335 86.011
3.826866 86.011
3.854597 86.011
3.882529 86.011
3.910664 86.011
3.939002 86.011
3.967546 86.011
3.996296 86.011
4.025255 86.011
4.054423 86.011
4.083804 86.011
4.113396 86.011
4.143204 86.011
4.173227 86.011
4.203468 86.011
4.233928 86.011
4.264609 86.011
4.295512 86.011
4.326639 86.011
4.357992 86.011
4.389572 86.011
4.421380 86.011
4.453419 86.011
4.485691 86.011
4.518196 86.011
4.550936 86.010
4.583914 86.010
4.617131 86.010
4.650589 86.010
4.684289 86.010
4.718233 86.010
4.752424 86.010
4.786862 86.010
4.821549 86.010
4.856488 86.010
4.891680 86.010
4.927127 86.010
4.962831 86.010
4.998794 86.010
5.035017 86.010
5.071503 86.010
5.108253 86.010
5.145270 86.010
5.182555 86.010
5.220110 86.010
5.257937 86.010
5.296038 86.010
5.334415 86.010
5.373071 86.010
5.412006 86.010
5.451224 86.010
5.490725 86.010
5.530514 86.010
5.570590 86.010
5.610957 86.010
5.651616 86.010
5.692570 86.010
5.733821 86.010
5.775370 86.010
5.817221 86.010
5.859375 86.010
5.901834 86.010
5.944602 86.010
5.987679 86.010
6.031068 86.010
6.074771 86.010
6.118792 86.010
6.163131 86.010
6.207792 86.010
6.252776 86.010
6.298086 86.010
6.343725 86.010
6.389694 86.010
6.435996 86.010
6.482634 86.009
6.529610 86.009
6.576926 86.009
6.624585 86.009
6.672590 86.009
6.720942 86.009
6.769645 86.009
6.818700 86.009
6.868111 86.009
6.917881 86.009
6.968010 86.009
7.018504 86.009
7.069362 86.009
7.120590 86.009
7.172189 86.009
7.224161 86.009
7.276511 86.009
7.329239 86.009
7.382350 86.009
7.435845 86.009
7.489729 86.009
7.544002 86.009
7.598669 86.009
7.653732 86.009
7.709194 86.009
7.765058 86.008
7.821327 86.008
7.878004 86.008
7.935091 86.008
7.992592 86.008
8.050510 86.008
8.108847 86.008
8.167607 86.008
8.226793 86.008
8.286408 86.008
8.346454 86.008
8.406936 86.008
8.467856 86.008
8.529218 86.008
8.591024 86.008
8.653278 86.008
8.715983 86.008
8.779143 86.008
8.842760 86.008
8.906839 86.008
8.971381 86.008
9.036392 86.008
9.101873 86.008
9.167829 86.007
9.234263 86.007
9.301178 86.007
9.368578 86.007
9.436467 86.007
9.504847 86.007
9.573723 86.007
9.643099 86.007
9.712976 86.007
9.783361 86.007
9.854255 86.007
9.925663 86.007
9.997588 86.007
10.070035 86.007
10.143007 86.007
10.216507 86.007
10.290540 86.007
10.365109 86.007
10.440219 86.006
10.515873 86.006
10.592076 86.006
10.668830 86.006
10.746141 86.006
10.824012 86.006
10.902447 86.006
10.981451 86.006
11.061027 86.006
11.141180 86.006
11.221913 86.006
11.303232 86.006
11.385140 86.006
11.467641 86.006
11.550741 86.005
11.634442 86.005
11.718750 86.005
11.803669 86.005
11.889203 86.005
11.975357 86.005
12.062136 86.005
12.149543 86.005
12.237583 86.005
12.326262 86.005
12.415583 86.005
12.505552 86.005
12.596172 86.004
12.687449 86.004
12.779387 86.004
12.871992 86.004
12.965268 86.004
13.059220 86.004
13.153852 86.004
13.249170 86.004
13.345179 86.004
13.441884 86.003
13.539289 86.003
13.637401 86.003
13.736223 86.003
13.835761 86.003
13.936021 86.003
14.037007 86.003
14.138725 86.003
14.241180 86.002
14.344377 86.002
14.448323 86.002
14.553021 86.002
14.658478 86.002
14.764700 86.002
14.871691 86.002
14.979457 86.001
15.088005 86.001
15.197339 86.001
15.307465 86.001
15.418389 86.001
15.530117 86.001
15.642655 86.001
15.756008 86.000
15.870182 86.000
15.985184 86.000
16.101019 86.000
16.217694 86.000
16.335214 86.000
16.453586 85.999
16.572815 85.999
16.692909 85.999
16.813872 85.999
16.935713 85.999
17.058436 85.999
17.182048 85.998
17.306556 85.998
17.431967 85.998
17.558286 85.998
17.685521 85.998
17.813677 85.998
17.942762 85.997
18.072783 85.997
18.203746 85.997
18.335658 85.997
18.468526 85.997
18.602356 85.996
18.737156 85.996
18.872934 85.996
19.009695 85.996
19.147447 85.996
19.286197 85.995
19.425953 85.995
19.566721 85.995
19.708510 85.995
19.851326 85.995
19.995177 85.994
20.140070 85.994
20.286013 85.994
20.433014 85.994
20.581080 85.993
20.730219 85.993
20.880439 85.993
21.031747 85.993
21.184152 85.993
21.337661 85.992
21.492282 85.992
21.648024 85.992
21.804895 85.992
21.962902 85.991
22.122054 85.991
22.282360 85.991
22.443827 85.990
22.606464 85.990
22.770280 85.990
22.935283 85.990
23.101481 85.989
23.268884 85.989
23.437500 85.989
23.607338 85.988
23.778406 85.988
23.950714 85.988
24.124271 85.988
24.299086 85.987
24.475167 85.987
24.652524 85.987
24.831166 85.986
25.011103 85.986
25.192344 85.986
25.374898 85.985
25.558775 85.985
25.743984 85.985
25.930536 85.984
26.118439 85.984
26.307704 85.984
26.498341 85.984
26.690359 85.983
26.883768 85.983
27.078579 85.983
27.274801 85.982
27.472446 85.982
27.671522 85.982
27.872042 85.981
28.074014 85.981
28.277450 85.980
28.482360 85.980
28.688755 85.980
28.896645 85.979
29.106042 85.979
29.316957 85.979
29.529400 85.978
29.743382 85.978
29.958915 85.978
30.176009 85.977
30.394677 85.977
30.614929 85.976
30.836778 85.976
31.060234 85.976
31.285309 85.975
31.512015 85.975
31.740364 85.974
31.970368 85.974
32.202039 85.974
32.435388 85.973
32.670428 85.973
32.907171 85.972
33.145630 85.972
33.385817 85.972
33.627745 85.971
33.871425 85.971
34.116871 85.970
34.364096 85.970
34.613113 85.969
34.863934 85.969
35.116572 85.969
35.371041 85.968
35.627354 85.968
35.885525 85.967
36.145566 85.967
36.407492 85.966
36.671316 85.966
36.937051 85.965
37.204712 85.965
37.474313 85.964
37.745867 85.964
38.019389 85.964
38.294893 85.963
38.572394 85.963
38.851905 85.962
39.133442 85.962
39.417019 85.961
39.702651 85.961
39.990353 85.960
40.280140 85.960
40.572026 85.959
40.866028 85.959
41.162160 85.958
41.460438 85.958
41.760877 85.958
42.063494 85.957
42.368303 85.957
42.675322 85.956
42.984565 85.956
43.296048 85.955
43.609789 85.955
43.925804 85.954
44.244108 85.954
44.564719 85.953
44.887654 85.953
45.212928 85.952
45.540560 85.952
45.870565 85.951
46.202962 85.951
46.537768 85.951
46.875000 85.950
47.214676 85.950
47.556813 85.949
47.901429 85.949
48.248542 85.948
48.598171 85.948
48.950334 85.947
49.305048 85.947
49.662333 85.946
50.022206 85.946
50.384688 85.945
50.749796 85.945
51.117550 85.945
51.487969 85.944
51.861072 85.944
52.236879 85.943
52.615409 85.943
52.996681 85.942
53.380717 85.942
53.767536 85.941
54.157158 85.941
54.549603 85.940
54.944892 85.940
55.343045 85.939
55.744084 85.939
56.148028 85.939
56.554900 85.938
56.964720 85.938
57.377510 85.937
57.793291 85.937
58.212085 85.936
58.633914 85.936
59.058799 85.936
59.486764 85.935
59.917829 85.935
60.352019 85.934
60.789354 85.934
61.229859 85.933
61.673556 85.933
62.120468 85.933
62.570618 85.932
63.024031 85.932
63.480729 85.931
63.940736 85.931
64.404077 85.930
64.870776 85.930
65.340856 85.930
65.814343 85.929
66.291261 85.929
66.771635 85.928
67.255489 85.928
67.742850 85.927
68.233743 85.927
68.728193 85.926
69.226226 85.926
69.727867 85.925
70.233144 85.925
70.742083 85.924
71.254709 85.924
71.771050 85.923
72.291132 85.923
72.814984 85.922
73.342631 85.922
73.874102 85.921
74.409424 85.921
74.948626 85.920
75.491734 85.920
76.038779 85.919
76.589787 85.918
77.144788 85.918
77.703811 85.917
78.266885 85.916
78.834039 85.916
79.405303 85.915
79.980706 85.914
80.560280 85.914
81.144053 85.913
81.732056 85.912
82.324320 85.911
82.920876 85.911
83.521755 85.910
84.126988 85.909
84.736607 85.908
85.350643 85.907
85.969129 85.906
86.592097 85.905
87.219579 85.904
87.851608 85.903
88.488217 85.902
89.129439 85.901
89.775308 85.900
90.425856 85.899
91.081119 85.898
91.741131 85.896
92.405925 85.895
93.075536 85.894
93.750000 85.893
94.429351 85.891
95.113625 85.890
95.802858 85.889
96.497085 85.887
97.196342 85.886
97.900667 85.884
98.610096 85.883
99.324665 85.881
100.044413 85.879
100.769376 85.878
101.499592 85.876
102.235100 85.874
102.975938 85.872
103.722144 85.871
104.473757 85.869
105.230817 85.867
105.993363 85.865
106.761435 85.863
107.535072 85.860
108.314315 85.858
109.099206 85.856
109.889783 85.854
110.686090 85.851
111.488167 85.849
112.296056 85.846
113.109800 85.844
113.929440 85.841
114.755020 85.839
115.586582 85.836
116.424170 85.833
117.267827 85.831
118.117598 85.828
118.973527 85.825
119.835658 85.822
120.704037 85.819
121.578708 85.816
122.459718 85.813
123.347111 85.809
124.240935 85.806
125.141236 85.803
126.048061 85.800
126.961458 85.796
127.881473 85.793
128.808154 85.789
129.741551 85.786
130.681712 85.782
131.628686 85.778
132.582521 85.775
133.543269 85.771
134.510979 85.767
135.485701 85.763
136.467486 85.759
137.456386 85.755
138.452451 85.751
139.455735 85.747
140.466288 85.743
141.484165 85.739
142.509418 85.735
143.542100 85.731
144.582265 85.727
145.629968 85.723
146.685262 85.718
147.748204 85.714
148.818849 85.710
149.897251 85.705
150.983469 85.701
152.077557 85.696
153.179574 85.692
154.289576 85.687
155.407622 85.683
156.533770 85.678
157.668078 85.674
158.810606 85.669
159.961413 85.665
161.120559 85.660
162.288105 85.655
163.464112 85.650
164.648640 85.646
165.841752 85.641
167.043510 85.636
168.253976 85.631
169.473213 85.626
170.701286 85.621
171.938258 85.617
173.184194 85.612
174.439158 85.607
175.703216 85.602
176.976434 85.596
178.258878 85.591
179.550615 85.586
180.851713 85.581
182.162239 85.576
183.482262 85.571
184.811850 85.565
186.151073 85.560
187.500000 85.555
188.858702 85.549
190.227250 85.544
191.605715 85.538
192.994169 85.533
194.392685 85.527
195.801334 85.521
197.220191 85.516
198.649330 85.510
200.088825 85.504
201.538751 85.498
202.999184 85.492
204.470200 85.486
205.951875 85.480
207.444287 85.474
208.947514 85.468
210.461634 85.462
211.986726 85.456
213.522869 85.449
215.070144 85.443
216.628631 85.437
218.198411 85.430
219.779567 85.424
221.372180 85.417
222.976334 85.410
224.592112 85.404
226.219600 85.397
227.858880 85.390
229.510039 85.383
231.173164 85.376
232.848340 85.369
234.535655 85.362
236.235197 85.355
237.947054 85.348
239.671317 85.340
241.408074 85.333
243.157416 85.326
244.919435 85.318
246.694223 85.311
248.481871 85.303
250.282473 85.296
252.096123 85.288
253.922915 85.281
255.762945 85.273
257.616309 85.265
259.483103 85.257
261.363424 85.250
263.257372 85.242
265.165043 85.234
267.086538 85.226
269.021957 85.218
270.971401 85.209
272.934972 85.201
274.912771 85.193
276.904902 85.185
278.911469 85.176
280.932577 85.168
282.968330 85.159
285.018835 85.150
287.084199 85.142
289.164530 85.133
291.259935 85.124
293.370525 85.115
295.496408 85.106
297.637697 85.097
299.794503 85.087
301.966937 85.078
304.155114 85.069
306.359147 85.059
308.579152 85.050
310.815244 85.040
313.067539 85.030
315.336156 85.020
317.621211 85.010
319.922826 85.000
322.241118 84.990
324.576210 84.980
326.928223 84.969
329.297280 84.959
331.683504 84.948
334.087019 84.938
336.507952 84.927
338.946427 84.916
341.402572 84.905
343.876516 84.893
346.368387 84.882
348.878315 84.870
351.406431 84.858
353.952867 84.846
356.517756 84.833
359.101230 84.821
361.703426 84.808
364.324478 84.794
366.964523 84.781
369.623699 84.767
372.302145 84.753
375.000000 84.739
377.717405 84.724
380.454501 84.709
383.211431 84.694
385.988339 84.679
388.785369 84.663
391.602668 84.648
394.440383 84.632
397.298660 84.617
400.177650 84.601
403.077502 84.585
405.998368 84.570
408.940400 84.555
411.903750 84.540
414.888575 84.525
417.895028 84.510
420.923268 84.496
423.973452 84.483
427.045738 84.470
430.140287 84.457
433.257261 84.445
436.396822 84.433
439.559133 84.422
442.744360 84.411
445.952668 84.400
449.184225 84.390
452.439199 84.380
455.717760 84.369
459.020079 84.359
462.346327 84.348
465.696680 84.337
469.071310 84.326
472.470394 84.313
475.894109 84.300
479.342634 84.286
482.816148 84.270
486.314833 84.253
489.838871 84.234
493.388445 84.213
496.963741 84.190
500.564945 84.166
504.192245 84.139
507.845830 84.110
511.525890 84.078
515.232618 84.044
518.966206 84.008
522.726849 83.970
526.514743 83.929
530.330086 83.886
534.173076 83.842
538.043915 83.795
541.942803 83.746
545.869944 83.696
549.825542 83.644
553.809805 83.591
557.822939 83.537
561.865154 83.483
565.936660 83.428
570.037671 83.372
574.168399 83.317
578.329060 83.263
582.519870 83.209
586.741049 83.156
590.992817 83.104
595.275394 83.053
599.589005 83.004
603.933874 82.957
608.310228 82.911
612.718295 82.867
617.158304 82.825
621.630488 82.784
626.135079 82.745
630.672311 82.707
635.242423 82.670
639.845651 82.634
644.482237 82.599
649.152421 82.563
653.856447 82.527
658.594560 82.490
663.367008 82.452
668.174039 82.412
673.015903 82.369
677.892854 82.324
682.805145 82.276
687.753032 82.224
692.736774 82.168
697.756631 82.108
702.812863 82.044
707.905735 81.975
713.035511 81.902
718.202461 81.823
723.406852 81.741
728.648956 81.654
733.929047 81.562
739.247399 81.467
744.604290 81.369
750.000000 81.268
755.434809 81.165
760.909001 81.060
766.422861 80.955
771.976677 80.849
777.570739 80.744
783.205337 80.641
788.880766 80.541
794.597321 80.443
800.355301 80.350
806.155005 80.260
811.996736 80.175
817.880799 80.095
823.807501 80.020
829.777150 79.950
835.790057 79.883
841.846536 79.821
847.946903 79.763
854.091476 79.707
860.280575 79.653
866.514523 79.601
872.793644 79.550
879.118267 79.499
885.488720 79.448
891.905336 79.396
898.368450 79.344
904.878398 79.291
911.435520 79.236
918.040157 79.181
924.692655 79.126
931.393359 79.069
938.142619 79.013
944.940787 78.958
951.788218 78.903
958.685268 78.849
965.632296 78.798
972.629666 78.748
979.677741 78.702
986.776890 78.658
993.927482 78.617
1001.129891 78.580
1008.384491 78.547
1015.691660 78.517
1023.051781 78.490
1030.465236 78.467
1037.932411 78.448
1045.453698 78.431
1053.029486 78.418
1060.660172 78.408
1068.346153 78.400
1076.087829 78.395
1083.885605 78.392
1091.739887 78.391
1099.651084 78.392
1107.619609 78.394
1115.645878 78.397
1123.730308 78.401
1131.873321 78.406
1140.075341 78.412
1148.336797 78.418
1156.658119 78.424
1165.039741 78.430
1173.482099 78.437
1181.985634 78.443
1190.550789 78.450
1199.178011 78.456
1207.867749 78.461
1216.620457 78.467
1225.436590 78.472
1234.316609 78.477
1243.260976 78.483
1252.270157 78.488
1261.344623 78.493
1270.484846 78.499
1279.691303 78.506
1288.964474 78.514
1298.304842 78.523
1307.712894 78.534
1317.189120 78.548
1326.734016 78.564
1336.348077 78.583
1346.031806 78.606
1355.785708 78.634
1365.610290 78.665
1375.506065 78.702
1385.473549 78.745
1395.513261 78.793
1405.625726 78.847
1415.811469 78.908
1426.071023 78.973
1436.404921 79.045
1446.813703 79.121
1457.297912 79.202
1467.858093 79.287
1478.494798 79.374
1489.208581 79.463
1500.000000 79.553
1510.869618 79.642
1521.818002 79.731
1532.845723 79.817
1543.953355 79.902
1555.141477 79.984
1566.410674 80.062
1577.761531 80.139
1589.194642 80.213
1600.710601 80.285
1612.310010 80.357
1623.993473 80.430
1635.761599 80.505
1647.615002 80.584
1659.554299 80.669
1671.580114 80.763
1683.693072 80.867
1695.893807 80.983
1708.182952 81.112
1720.561150 81.257
1733.029045 81.417
1745.587288 81.593
1758.236533 81.783
1770.977440 81.986
1783.810673 82.200
1796.736900 82.423
1809.756796 82.651
1822.871040 82.881
1836.080315 83.111
1849.385310 83.338
1862.786718 83.559
1876.285239 83.772
1889.881575 83.976
1903.576436 84.167
1917.370535 84.347
1931.264593 84.514
1945.259332 84.668
1959.355483 84.809
1973.553781 84.938
1987.854965 85.055
2002.259781 85.162
2016.768981 85.261
2031.383320 85.352
2046.103561 85.438
2060.930471 85.520
2075.864823 85.599
2090.907395 85.679
2106.058972 85.759
2121.320344 85.842
2136.692305 85.928
2152.175658 86.017
2167.771210 86.111
2183.479774 86.208
2199.302169 86.309
2215.239219 86.411
2231.291755 86.515
2247.460615 86.619
2263.746641 86.720
2280.150683 86.819
2296.673595 86.912
2313.316238 87.000
2330.079481 87.082
2346.964198 87.156
2363.971268 87.222
2381.101578 87.280
2398.356022 87.329
2415.735498 87.371
2433.240913 87.406
2450.873180 87.433
2468.633217 87.454
2486.521951 87.471
2504.540314 87.482
2522.689246 87.490
2540.969692 87.496
2559.382606 87.499
2577.928947 87.502
2596.609683 87.505
2615.425787 87.509
2634.378241 87.513
2653.468031 87.518
2672.696154 87.525
2692.063613 87.533
2711.571415 87.541
2731.220579 87.551
2751.012130 87.561
2770.947098 87.570
2791.026522 87.580
2811.251451 87.589
2831.622938 87.597
2852.142045 87.605
2872.809842 87.612
2893.627406 87.618
2914.595823 87.623
2935.716186 87.628
2956.989596 87.632
2978.417161 87.637
3000.000000 87.641
3021.739237 87.646
3043.636005 87.651
3065.691446 87.656
3087.906710 87.663
3110.282955 87.670
3132.821347 87.679
3155.523062 87.689
3178.389283 87.701
3201.421202 87.715
3224.620020 87.730
3247.986946 87.747
3271.523198 87.766
3295.230004 87.787
3319.108599 87.809
3343.160228 87.833
3367.386145 87.857
3391.787613 87.882
3416.365904 87.908
3441.122300 87.934
3466.058091 87.960
3491.174576 87.986
3516.473066 88.012
3541.954880 88.038
3567.621345 88.064
3593.473800 88.089
3619.513592 88.115
3645.742080 88.141
3672.160630 88.167
3698.770620 88.192
3725.573436 88.218
3752.570477 88.243
3779.763150 88.267
3807.152872 88.291
3834.741071 88.315
3862.529185 88.337
3890.518664 88.358
3918.710966 88.378
3947.107561 88.397
3975.709929 88.415
4004.519563 88.432
4033.537962 88.448
4062.766641 88.463
4092.207123 88.478
4121.860942 88.491
4151.729646 88.503
4181.814790 88.514
4212.117944 88.525
4242.640687 88.534
4273.384610 88.542
4304.351317 88.549
4335.542421 88.555
4366.959549 88.559
4398.604338 88.563
4430.478438 88.565
4462.583511 88.566
4494.921231 88.566
4527.493283 88.564
4560.301365 88.561
4593.347189 88.556
4626.632476 88.550
4660.158962 88.542
4693.928395 88.532
4727.942535 88.520
4762.203156 88.506
4796.712043 88.491
4831.470996 88.473
4866.481826 88.453
4901.746360 88.430
4937.266434 88.406
4973.043902 88.379
5009.080628 88.349
5045.378492 88.317
5081.939384 88.283
5118.765212 88.245
5155.857894 88.204
5193.219366 88.160
5230.851574 88.113
5268.756481 88.063
5306.936062 88.009
5345.392309 87.951
5384.127225 87.890
5423.142830 87.825
5462.441159 87.756
5502.024259 87.683
5541.894195 87.606
5582.053045 87.524
5622.502902 87.439
5663.245876 87.349
5704.284090 87.254
5745.619684 87.155
5787.254813 87.053
5829.191647 86.946
5871.432373 86.834
5913.979192 86.720
5956.834323 86.601
6000.000000 86.479
6043.478473 86.354
6087.272010 86.227
6131.382892 86.097
6175.813420 85.967
6220.565910 85.835
6265.642695 85.703
6311.046124 85.571
6356.778566 85.440
6402.842404 85.311
6449.240040 85.183
6495.973891 85.059
6543.046396 84.937
6590.460007 84.820
6638.217197 84.706
6686.320456 84.596
6734.772290 84.491
6783.575226 84.390
6832.731809 84.293
6882.244600 84.200
6932.116181 84.111
6982.349153 84.024
7032.946133 83.940
7083.909760 83.859
7135.242690 83.778
7186.947600 83.698
7239.027185 83.619
7291.484160 83.539
7344.321260 83.458
7397.541239 83.375
7451.146872 83.290
7505.140954 83.202
7559.526299 83.112
7614.305743 83.019
7669.482141 82.922
7725.058371 82.822
7781.037328 82.720
7837.421932 82.614
7894.215122 82.505
7951.419859 82.394
8009.039125 82.282
8067.075924 82.168
8125.533282 82.054
8184.414245 81.941
8243.721885 81.829
8303.459292 81.721
8363.629581 81.616
8424.235888 81.517
8485.281374 81.424
8546.769221 81.339
8608.702634 81.263
8671.084842 81.197
8733.919097 81.143
8797.208675 81.100
8860.956876 81.070
8925.167022 81.054
8989.842461 81.050
9054.986566 81.060
9120.602731 81.082
9186.694378 81.117
9253.264952 81.163
9320.317925 81.220
9387.856790 81.286
9455.885071 81.360
9524.406312 81.442
9593.424086 81.530
9662.941992 81.623
9732.963653 81.721
9803.492719 81.822
9874.532869 81.925
9946.087805 82.031
10018.161257 82.137
10090.756983 82.244
10163.878768 82.352
10237.530423 82.460
10311.715789 82.567
10386.438732 82.674
10461.703149 82.780
10537.512962 82.886
10613.872125 82.991
10690.784618 83.096
10768.254450 83.201
10846.285661 83.305
10924.882318 83.409
11004.048518 83.513
11083.788390 83.617
11164.106090 83.721
11245.005805 83.826
11326.491752 83.931
11408.568180 84.036
11491.239368 84.142
11574.509626 84.249
11658.383294 84.356
11742.864745 84.463
11827.958384 84.571
11913.668646 84.680
12000.000000 84.790
12086.956947 84.900
12174.544019 85.011
12262.765784 85.122
12351.626840 85.234
12441.131819 85.346
12531.285389 85.458
12622.092249 85.570
12713.557132 85.682
12805.684808 85.793
12898.480079 85.903
12991.947783 86.011
13086.092792 86.117
13180.920015 86.220
13276.434395 86.319
13372.640911 86.415
13469.544580 86.506
13567.150452 86.591
13665.463617 86.671
13764.489200 86.743
13864.232362 86.809
13964.698305 86.868
14065.892266 86.918
14167.819519 86.961
14270.485380 86.995
14373.895200 87.021
14478.054370 87.040
14582.968320 87.050
14688.642520 87.054
14795.082478 87.051
14902.293745 87.042
15010.281908 87.028
15119.052599 87.010
15228.611486 86.989
15338.964283 86.967
15450.116741 86.944
15562.074656 86.922
15674.843864 86.901
15788.430244 86.884
15902.839718 86.872
16018.078250 86.864
16134.151848 86.863
16251.066563 86.869
16368.828491 86.882
16487.443769 86.902
16606.918584 86.930
16727.259161 86.964
16848.471777 87.005
16970.562748 87.050
17093.538442 87.100
17217.405268 87.153
17342.169684 87.208
17467.838194 87.263
17594.417350 87.317
17721.913751 87.370
17850.334044 87.419
17979.684923 87.464
18109.973131 87.505
18241.205462 87.540
18373.388756 87.570
18506.529905 87.594
18640.635849 87.614
18775.713581 87.628
18911.770141 87.638
19048.812624 87.645
19186.848172 87.649
19325.883983 87.651
19465.927305 87.652
19606.985439 87.652
19749.065738 87.652
19892.175609 87.652
20036.322514 87.652
