0.366211 89.877
0.368865 89.877
0.371538 89.878
0.374230 89.878
0.376942 89.878
0.379673 89.878
0.382424 89.879
0.385196 89.879
0.387987 89.879
0.390798 89.879
0.393630 89.880
0.396483 89.880
0.399356 89.880
0.402250 89.881
0.405165 89.881
0.408101 89.881
0.411058 89.882
0.414037 89.882
0.417037 89.882
0.420059 89.883
0.423103 89.883
0.426169 89.883
0.429257 89.884
0.432368 89.884
0.435501 89.884
0.438656 89.885
0.441835 89.885
0.445037 89.886
0.448262 89.886
0.451510 89.887
0.454782 89.887
0.458077 89.887
0.461397 89.888
0.464740 89.888
0.468108 89.889
0.471500 89.889
0.474917 89.890
0.478358 89.890
0.481825 89.890
0.485316 89.891
0.488833 89.891
0.492375 89.892
0.495943 89.892
0.499537 89.893
0.503157 89.893
0.506803 89.894
0.510475 89.894
0.514175 89.895
0.517900 89.895
0.521653 89.896
0.525434 89.896
0.529241 89.897
0.533076 89.897
0.536939 89.898
0.540830 89.898
0.544749 89.899
0.548696 89.899
0.552673 89.900
0.556677 89.900
0.560711 89.901
0.564774 89.901
0.568867 89.902
0.572989 89.902
0.577141 89.903
0.581324 89.903
0.585536 89.904
0.589779 89.904
0.594053 89.905
0.598358 89.906
0.602694 89.906
0.607061 89.907
0.611460 89.907
0.615891 89.908
0.620354 89.909
0.624849 89.909
0.629377 89.910
0.633938 89.910
0.638532 89.911
0.643159 89.912
0.647819 89.912
0.652514 89.913
0.657242 89.913
0.662005 89.914
0.666802 89.915
0.671634 89.915
0.676501 89.916
0.681403 89.917
0.686341 89.918
0.691314 89.918
0.696324 89.919
0.701370 89.920
0.706452 89.920
0.711571 89.921
0.716728 89.922
0.721921 89.923
0.727153 89.923
0.732422 89.924
0.737729 89.925
0.743075 89.926
0.748460 89.927
0.753883 89.928
0.759346 89.928
0.764849 89.929
0.770391 89.930
0.775974 89.931
0.781597 89.932
0.787261 89.933
0.792966 89.934
0.798712 89.935
0.804500 89.936
0.810329 89.937
0.816201 89.938
0.822116 89.939
0.828073 89.940
0.834074 89.941
0.840118 89.942
0.846206 89.943
0.852338 89.944
0.858514 89.945
0.864735 89.946
0.871001 89.947
0.877313 89.949
0.883670 89.950
0.890074 89.951
0.896524 89.952
0.903020 89.953
0.909564 89.954
0.916155 89.956
0.922794 89.957
0.929481 89.958
0.936216 89.959
0.943000 89.961
0.949834 89.962
0.956717 89.963
0.963649 89.964
0.970632 89.966
0.977666 89.967
0.984750 89.968
0.991886 89.970
0.999074 89.971
1.006314 89.972
1.013606 89.974
1.020951 89.975
1.028349 89.977
1.035801 89.978
1.043307 89.979
1.050867 89.981
1.058482 89.982
1.066152 89.984
1.073878 89.985
1.081660 89.987
1.089498 89.988
1.097393 89.990
1.105345 89.991
1.113355 89.993
1.121423 89.994
1.129549 89.996
1.137734 89.997
1.145979 89.999
1.154283 90.000
1.162647 90.002
1.171072 90.004
1.179558 90.005
1.188106 90.007
1.196715 90.008
1.205387 90.010
1.214122 90.012
1.222920 90.013
1.231782 90.015
1.240708 90.017
1.249699 90.018
1.258754 90.020
1.267876 90.022
1.277063 90.023
1.286318 90.025
1.295639 90.027
1.305027 90.029
1.314484 90.030
1.324009 90.032
1.333604 90.034
1.343268 90.036
1.353002 90.037
1.362806 90.039
1.372681 90.041
1.382628 90.043
1.392647 90.044
1.402739 90.046
1.412904 90.048
1.423142 90.050
1.433455 90.052
1.443843 90.053
1.454305 90.055
1.464844 90.057
1.475459 90.059
1.486150 90.060
1.496920 90.062
1.507767 90.064
1.518693 90.066
1.529698 90.067
1.540783 90.069
1.551948 90.071
1.563194 90.073
1.574521 90.074
1.585931 90.076
1.597423 90.078
1.608999 90.079
1.620658 90.081
1.632402 90.083
1.644232 90.084
1.656146 90.086
1.668147 90.088
1.680235 90.089
1.692411 90.091
1.704675 90.092
1.717028 90.094
1.729470 90.096
1.742003 90.097
1.754626 90.099
1.767341 90.100
1.780147 90.101
1.793047 90.103
1.806040 90.104
1.819128 90.106
1.832310 90.107
1.845587 90.108
1.858961 90.109
1.872432 90.111
1.886001 90.112
1.899667 90.113
1.913433 90.114
1.927299 90.115
1.941265 90.116
1.955332 90.117
1.969501 90.118
1.983773 90.119
1.998148 90.119
2.012627 90.120
2.027212 90.121
2.041902 90.122
2.056698 90.122
2.071602 90.123
2.086614 90.123
2.101734 90.123
2.116964 90.124
2.132304 90.124
2.147756 90.124
2.163320 90.124
2.178996 90.124
2.194786 90.124
2.210690 90.124
2.226710 90.124
2.242845 90.123
2.259098 90.123
2.275468 90.122
2.291957 90.122
2.308566 90.121
2.325295 90.120
2.342145 90.119
2.359117 90.118
2.376212 90.117
2.393431 90.116
2.410775 90.115
2.428244 90.113
2.445840 90.112
2.463564 90.110
2.481416 90.108
2.499397 90.106
2.517509 90.104
2.535752 90.102
2.554127 90.099
2.572635 90.097
2.591277 90.094
2.610055 90.091
2.628968 90.088
2.648019 90.085
2.667208 90.082
2.686535 90.078
2.706003 90.075
2.725612 90.071
2.745363 90.067
2.765257 90.063
2.785295 90.058
2.805478 90.054
2.825808 90.049
2.846285 90.044
2.866910 90.039
2.887685 90.034
2.908611 90.028
2.929688 90.023
2.950917 90.017
2.972301 90.010
2.993839 90.004
3.015534 89.998
3.037386 89.991
3.059396 89.984
3.081565 89.976
3.103896 89.969
3.126388 89.961
3.149043 89.953
3.171862 89.945
3.194847 89.937
3.217998 89.928
3.241317 89.919
3.264805 89.910
3.288463 89.900
3.312293 89.890
3.336295 89.880
3.360471 89.870
3.384822 89.859
3.409350 89.849
3.434056 89.837
3.458940 89.826
3.484005 89.814
3.509252 89.802
3.534681 89.790
3.560295 89.777
3.586094 89.764
3.612081 89.751
3.638255 89.738
3.664620 89.724
3.691175 89.710
3.717923 89.695
3.744864 89.680
3.772001 89.665
3.799335 89.650
3.826866 89.634
3.854597 89.618
3.882529 89.601
3.910664 89.585
3.939002 89.568
3.967546 89.550
3.996296 89.532
4.025255 89.514
4.054423 89.496
4.083804 89.477
4.113396 89.458
4.143204 89.438
4.173227 89.418
4.203468 89.398
4.233928 89.377
4.264609 89.356
4.295512 89.335
4.326639 89.313
4.357992 89.291
4.389572 89.269
4.421380 89.246
4.453419 89.223
4.485691 89.200
4.518196 89.176
4.550936 89.151
4.583914 89.127
4.617131 89.102
4.650589 89.076
4.684289 89.051
4.718233 89.025
4.752424 88.998
4.786862 88.971
4.821549 88.944
4.856488 88.916
4.891680 88.889
4.927127 88.860
4.962831 88.831
4.998794 88.802
5.035017 88.773
5.071503 88.743
5.108253 88.713
5.145270 88.682
5.182555 88.651
5.220110 88.620
5.257937 88.588
5.296038 88.556
5.334415 88.523
5.373071 88.490
5.412006 88.457
5.451224 88.423
5.490725 88.389
5.530514 88.354
5.570590 88.320
5.610957 88.284
5.651616 88.249
5.692570 88.213
5.733821 88.176
5.775370 88.139
5.817221 88.102
5.859375 88.065
5.901834 88.027
5.944602 87.988
5.987679 87.950
6.031068 87.911
6.074771 87.871
6.118792 87.831
6.163131 87.791
6.207792 87.750
6.252776 87.709
6.298086 87.668
6.343725 87.626
6.389694 87.584
6.435996 87.541
6.482634 87.498
6.529610 87.455
6.576926 87.411
6.624585 87.367
6.672590 87.323
6.720942 87.278
6.769645 87.233
6.818700 87.188
6.868111 87.142
6.917881 87.096
6.968010 87.050
7.018504 87.003
7.069362 86.956
7.120590 86.908
7.172189 86.861
7.224161 86.813
7.276511 86.765
7.329239 86.717
7.382350 86.668
7.435845 86.619
7.489729 86.571
7.544002 86.522
7.598669 86.472
7.653732 86.423
7.709194 86.374
7.765058 86.325
7.821327 86.276
7.878004 86.226
7.935091 86.177
7.992592 86.128
8.050510 86.080
8.108847 86.031
8.167607 85.983
8.226793 85.936
8.286408 85.888
8.346454 85.842
8.406936 85.796
8.467856 85.750
8.529218 85.706
8.591024 85.662
8.653278 85.620
8.715983 85.578
8.779143 85.538
8.842760 85.498
8.906839 85.461
8.971381 85.424
9.036392 85.390
9.101873 85.357
9.167829 85.326
9.234263 85.297
9.301178 85.270
9.368578 85.246
9.436467 85.223
9.504847 85.204
9.573723 85.186
9.643099 85.172
9.712976 85.160
9.783361 85.151
9.854255 85.144
9.925663 85.141
9.997588 85.140
10.070035 85.143
10.143007 85.149
10.216507 85.157
10.290540 85.169
10.365109 85.183
10.440219 85.200
10.515873 85.220
10.592076 85.243
10.668830 85.268
10.746141 85.296
10.824012 85.326
10.902447 85.359
10.981451 85.393
11.061027 85.429
11.141180 85.467
11.221913 85.507
11.303232 85.548
11.385140 85.590
11.467641 85.633
11.550741 85.677
11.634442 85.722
11.718750 85.767
11.803669 85.812
11.889203 85.857
11.975357 85.903
12.062136 85.947
12.149543 85.992
12.237583 86.036
12.326262 86.079
12.415583 86.121
12.505552 86.163
12.596172 86.203
12.687449 86.242
12.779387 86.279
12.871992 86.315
12.965268 86.350
13.059220 86.382
13.153852 86.413
13.249170 86.442
13.345179 86.469
13.441884 86.495
13.539289 86.518
13.637401 86.539
13.736223 86.558
13.835761 86.575
13.936021 86.589
14.037007 86.602
14.138725 86.612
14.241180 86.620
14.344377 86.626
14.448323 86.630
14.553021 86.631
14.658478 86.630
14.764700 86.627
14.871691 86.622
14.979457 86.615
15.088005 86.606
15.197339 86.595
15.307465 86.582
15.418389 86.567
15.530117 86.551
15.642655 86.533
15.756008 86.513
15.870182 86.491
15.985184 86.469
16.101019 86.445
16.217694 86.420
16.335214 86.394
16.453586 86.368
16.572815 86.340
16.692909 86.312
16.813872 86.284
16.935713 86.256
17.058436 86.228
17.182048 86.200
17.306556 86.172
17.431967 86.145
17.558286 86.119
17.685521 86.093
17.813677 86.069
17.942762 86.046
18.072783 86.025
18.203746 86.005
18.335658 85.987
18.468526 85.971
18.602356 85.956
18.737156 85.944
18.872934 85.934
19.009695 85.926
19.147447 85.921
19.286197 85.918
19.425953 85.917
19.566721 85.918
19.708510 85.922
19.851326 85.928
19.995177 85.936
20.140070 85.947
20.286013 85.959
20.433014 85.974
20.581080 85.992
20.730219 86.011
20.880439 86.033
21.031747 86.057
21.184152 86.083
21.337661 86.111
21.492282 86.141
21.648024 86.174
21.804895 86.209
21.962902 86.246
22.122054 86.285
22.282360 86.327
22.443827 86.371
22.606464 86.418
22.770280 86.466
22.935283 86.517
23.101481 86.571
23.268884 86.626
23.437500 86.684
23.607338 86.744
23.778406 86.806
23.950714 86.870
24.124271 86.936
24.299086 87.003
24.475167 87.073
24.652524 87.144
24.831166 87.216
25.011103 87.290
25.192344 87.365
25.374898 87.441
25.558775 87.518
25.743984 87.595
25.930536 87.673
26.118439 87.752
26.307704 87.830
26.498341 87.909
26.690359 87.988
26.883768 88.067
27.078579 88.145
27.274801 88.223
27.472446 88.300
27.671522 88.377
27.872042 88.452
28.074014 88.526
28.277450 88.599
28.482360 88.670
28.688755 88.740
28.896645 88.808
29.106042 88.873
29.316957 88.936
29.529400 88.996
29.743382 89.054
29.958915 89.108
30.176009 89.159
30.394677 89.206
30.614929 89.250
30.836778 89.289
31.060234 89.324
31.285309 89.354
31.512015 89.380
31.740364 89.400
31.970368 89.415
32.202039 89.424
32.435388 89.427
32.670428 89.424
32.907171 89.415
33.145630 89.400
33.385817 89.378
33.627745 89.349
33.871425 89.314
34.116871 89.271
34.364096 89.222
34.613113 89.166
34.863934 89.102
35.116572 89.032
35.371041 88.956
35.627354 88.872
35.885525 88.783
36.145566 88.687
36.407492 88.587
36.671316 88.480
36.937051 88.370
37.204712 88.255
37.474313 88.138
37.745867 88.018
38.019389 87.896
38.294893 87.774
38.572394 87.653
38.851905 87.533
39.133442 87.416
39.417019 87.304
39.702651 87.197
39.990353 87.096
40.280140 87.003
40.572026 86.919
40.866028 86.844
41.162160 86.779
41.460438 86.725
41.760877 86.681
42.063494 86.648
42.368303 86.625
42.675322 86.611
42.984565 86.606
43.296048 86.608
43.609789 86.617
43.925804 86.632
44.244108 86.650
44.564719 86.672
44.887654 86.695
45.212928 86.719
45.540560 86.743
45.870565 86.766
46.202962 86.787
46.537768 86.805
46.875000 86.820
47.214676 86.832
47.556813 86.839
47.901429 86.841
48.248542 86.839
48.598171 86.832
48.950334 86.820
49.305048 86.803
49.662333 86.781
50.022206 86.753
50.384688 86.721
50.749796 86.683
51.117550 86.641
51.487969 86.593
51.861072 86.542
52.236879 86.485
52.615409 86.424
52.996681 86.359
53.380717 86.290
53.767536 86.217
54.157158 86.140
54.549603 86.059
54.944892 85.975
55.343045 85.887
55.744084 85.796
56.148028 85.702
56.554900 85.605
56.964720 85.506
57.377510 85.404
57.793291 85.301
58.212085 85.195
58.633914 85.088
59.058799 84.981
59.486764 84.873
59.917829 84.767
60.352019 84.661
60.789354 84.558
61.229859 84.458
61.673556 84.363
62.120468 84.273
62.570618 84.191
63.024031 84.117
63.480729 84.053
63.940736 84.001
64.404077 83.961
64.870776 83.934
65.340856 83.922
65.814343 83.925
66.291261 83.943
66.771635 83.976
67.255489 84.023
67.742850 84.085
68.233743 84.160
68.728193 84.246
69.226226 84.343
69.727867 84.449
70.233144 84.563
70.742083 84.683
71.254709 84.808
71.771050 84.937
72.291132 85.069
72.814984 85.203
73.342631 85.338
73.874102 85.472
74.409424 85.607
74.948626 85.739
75.491734 85.871
76.038779 86.000
76.589787 86.127
77.144788 86.251
77.703811 86.372
78.266885 86.490
78.834039 86.605
79.405303 86.716
79.980706 86.824
80.560280 86.927
81.144053 87.027
81.732056 87.122
82.324320 87.214
82.920876 87.301
83.521755 87.383
84.126988 87.461
84.736607 87.534
85.350643 87.602
85.969129 87.664
86.592097 87.722
87.219579 87.774
87.851608 87.820
88.488217 87.861
89.129439 87.896
89.775308 87.925
90.425856 87.948
91.081119 87.965
91.741131 87.976
92.405925 87.981
93.075536 87.981
93.750000 87.976
94.429351 87.965
95.113625 87.950
95.802858 87.930
96.497085 87.906
97.196342 87.878
97.900667 87.846
98.610096 87.812
99.324665 87.775
100.044413 87.735
100.769376 87.693
101.499592 87.650
102.235100 87.604
102.975938 87.557
103.722144 87.508
104.473757 87.458
105.230817 87.407
105.993363 87.355
106.761435 87.302
107.535072 87.248
108.314315 87.194
109.099206 87.139
109.889783 87.084
110.686090 87.030
111.488167 86.976
112.296056 86.924
113.109800 86.874
113.929440 86.826
114.755020 86.781
115.586582 86.740
116.424170 86.703
117.267827 86.671
118.117598 86.646
118.973527 86.626
119.835658 86.614
120.704037 86.608
121.578708 86.610
122.459718 86.620
123.347111 86.637
124.240935 86.661
125.141236 86.692
126.048061 86.729
126.961458 86.772
127.881473 86.820
128.808154 86.872
129.741551 86.928
130.681712 86.986
131.628686 87.046
132.582521 87.107
133.543269 87.169
134.510979 87.230
135.485701 87.290
136.467486 87.349
137.456386 87.405
138.452451 87.457
139.455735 87.506
140.466288 87.550
141.484165 87.588
142.509418 87.621
143.542100 87.646
144.582265 87.665
145.629968 87.675
146.685262 87.677
147.748204 87.670
148.818849 87.655
149.897251 87.632
150.983469 87.600
152.077557 87.561
153.179574 87.516
154.289576 87.466
155.407622 87.412
156.533770 87.357
157.668078 87.303
158.810606 87.251
159.961413 87.204
161.120559 87.164
162.288105 87.133
163.464112 87.112
164.648640 87.102
165.841752 87.102
167.043510 87.113
168.253976 87.133
169.473213 87.159
170.701286 87.190
171.938258 87.224
173.184194 87.256
174.439158 87.285
175.703216 87.309
176.976434 87.324
178.258878 87.329
179.550615 87.322
180.851713 87.302
182.162239 87.270
183.482262 87.223
184.811850 87.163
186.151073 87.090
187.500000 87.004
188.858702 86.908
190.227250 86.802
191.605715 86.688
192.994169 86.569
194.392685 86.446
195.801334 86.323
197.220191 86.202
198.649330 86.087
200.088825 85.980
201.538751 85.886
202.999184 85.807
204.470200 85.747
205.951875 85.706
207.444287 85.688
208.947514 85.693
210.461634 85.720
211.986726 85.770
213.522869 85.841
215.070144 85.930
216.628631 86.036
218.198411 86.155
219.779567 86.286
221.372180 86.425
222.976334 86.571
224.592112 86.720
226.219600 86.869
227.858880 87.017
229.510039 87.161
231.173164 87.298
232.848340 87.426
234.535655 87.542
236.235197 87.645
237.947054 87.732
239.671317 87.801
241.408074 87.851
243.157416 87.880
244.919435 87.887
246.694223 87.872
248.481871 87.834
250.282473 87.773
252.096123 87.691
253.922915 87.588
255.762945 87.465
257.616309 87.326
259.483103 87.173
261.363424 87.009
263.257372 86.838
265.165043 86.664
267.086538 86.493
269.021957 86.327
270.971401 86.173
272.934972 86.034
274.912771 85.915
276.904902 85.817
278.911469 85.743
280.932577 85.693
282.968330 85.666
285.018835 85.661
287.084199 85.675
289.164530 85.705
291.259935 85.747
293.370525 85.797
295.496408 85.851
297.637697 85.905
299.794503 85.957
301.966937 86.003
304.155114 86.042
306.359147 86.071
308.579152 86.089
310.815244 86.097
313.067539 86.094
315.336156 86.081
317.621211 86.056
319.922826 86.023
322.241118 85.980
324.576210 85.928
326.928223 85.869
329.297280 85.803
331.683504 85.732
334.087019 85.658
336.507952 85.583
338.946427 85.509
341.402572 85.438
343.876516 85.372
346.368387 85.315
348.878315 85.267
351.406431 85.229
353.952867 85.201
356.517756 85.182
359.101230 85.171
361.703426 85.167
364.324478 85.168
366.964523 85.172
369.623699 85.179
372.302145 85.186
375.000000 85.194
377.717405 85.202
380.454501 85.207
383.211431 85.210
385.988339 85.209
388.785369 85.204
391.602668 85.193
394.440383 85.176
397.298660 85.153
400.177650 85.124
403.077502 85.091
405.998368 85.054
408.940400 85.016
411.903750 84.979
414.888575 84.944
417.895028 84.913
420.923268 84.889
423.973452 84.870
427.045738 84.859
430.140287 84.856
433.257261 84.859
436.396822 84.871
439.559133 84.891
442.744360 84.919
445.952668 84.956
449.184225 85.001
452.439199 85.053
455.717760 85.111
459.020079 85.172
462.346327 85.234
465.696680 85.295
469.071310 85.349
472.470394 85.396
475.894109 85.431
479.342634 85.454
482.816148 85.463
486.314833 85.458
489.838871 85.441
493.388445 85.412
496.963741 85.374
500.564945 85.330
504.192245 85.282
507.845830 85.231
511.525890 85.179
515.232618 85.128
518.966206 85.078
522.726849 85.029
526.514743 84.983
530.330086 84.941
534.173076 84.903
538.043915 84.870
541.942803 84.842
545.869944 84.820
549.825542 84.803
553.809805 84.788
557.822939 84.774
561.865154 84.758
565.936660 84.737
570.037671 84.708
574.168399 84.668
578.329060 84.615
582.519870 84.548
586.741049 84.468
590.992817 84.374
595.275394 84.270
599.589005 84.159
603.933874 84.045
608.310228 83.933
612.718295 83.828
617.158304 83.735
621.630488 83.656
626.135079 83.596
630.672311 83.553
635.242423 83.528
639.845651 83.519
644.482237 83.521
649.152421 83.531
653.856447 83.544
658.594560 83.557
663.367008 83.565
668.174039 83.566
673.015903 83.558
677.892854 83.540
682.805145 83.512
687.753032 83.476
692.736774 83.435
697.756631 83.392
702.812863 83.350
707.905735 83.314
713.035511 83.288
718.202461 83.274
723.406852 83.276
728.648956 83.296
733.929047 83.334
739.247399 83.393
744.604290 83.470
750.000000 83.565
755.434809 83.676
760.909001 83.801
766.422861 83.935
771.976677 84.075
777.570739 84.218
783.205337 84.361
788.880766 84.499
794.597321 84.633
800.355301 84.759
806.155005 84.877
811.996736 84.986
817.880799 85.087
823.807501 85.178
829.777150 85.260
835.790057 85.332
841.846536 85.393
847.946903 85.445
854.091476 85.485
860.280575 85.515
866.514523 85.533
872.793644 85.540
879.118267 85.538
885.488720 85.527
891.905336 85.509
898.368450 85.484
904.878398 85.455
911.435520 85.422
918.040157 85.385
924.692655 85.345
931.393359 85.301
938.142619 85.255
944.940787 85.206
951.788218 85.156
958.685268 85.106
965.632296 85.059
972.629666 85.017
979.677741 84.983
986.776890 84.957
993.927482 84.943
1001.129891 84.940
1008.384491 84.948
1015.691660 84.969
1023.051781 85.001
1030.465236 85.046
1037.932411 85.105
1045.453698 85.178
1053.029486 85.267
1060.660172 85.371
1068.346153 85.489
1076.087829 85.621
1083.885605 85.763
1091.739887 85.913
1099.651084 86.066
1107.619609 86.221
1115.645878 86.375
1123.730308 86.525
1131.873321 86.672
1140.075341 86.813
1148.336797 86.949
1156.658119 87.081
1165.039741 87.207
1173.482099 87.328
1181.985634 87.443
1190.550789 87.551
1199.178011 87.652
1207.867749 87.745
1216.620457 87.827
1225.436590 87.898
1234.316609 87.958
1243.260976 88.006
1252.270157 88.044
1261.344623 88.070
1270.484846 88.087
1279.691303 88.095
1288.964474 88.093
1298.304842 88.082
1307.712894 88.060
1317.189120 88.027
1326.734016 87.983
1336.348077 87.925
1346.031806 87.855
1355.785708 87.771
1365.610290 87.675
1375.506065 87.567
1385.473549 87.448
1395.513261 87.320
1405.625726 87.187
1415.811469 87.051
1426.071023 86.917
1436.404921 86.789
1446.813703 86.672
1457.297912 86.572
1467.858093 86.493
1478.494798 86.440
1489.208581 86.415
1500.000000 86.422
1510.869618 86.459
1521.818002 86.523
1532.845723 86.611
1543.953355 86.717
1555.141477 86.835
1566.410674 86.958
1577.761531 87.079
1589.194642 87.195
1600.710601 87.300
1612.310010 87.392
1623.993473 87.469
1635.761599 87.531
1647.615002 87.577
1659.554299 87.609
1671.580114 87.626
1683.693072 87.630
1695.893807 87.622
1708.182952 87.603
1720.561150 87.574
1733.029045 87.537
1745.587288 87.495
1758.236533 87.450
1770.977440 87.404
1783.810673 87.363
1796.736900 87.330
1809.756796 87.309
1822.871040 87.304
1836.080315 87.317
1849.385310 87.352
1862.786718 87.408
1876.285239 87.484
1889.881575 87.579
1903.576436 87.688
1917.370535 87.806
1931.264593 87.931
1945.259332 88.056
1959.355483 88.178
1973.553781 88.293
1987.854965 88.398
2002.259781 88.493
2016.768981 88.575
2031.383320 88.644
2046.103561 88.701
2060.930471 88.744
2075.864823 88.776
2090.907395 88.796
2106.058972 88.807
2121.320344 88.808
2136.692305 88.803
2152.175658 88.791
2167.771210 88.776
2183.479774 88.758
2199.302169 88.740
2215.239219 88.724
2231.291755 88.710
2247.460615 88.700
2263.746641 88.694
2280.150683 88.694
2296.673595 88.699
2313.316238 88.709
2330.079481 88.722
2346.964198 88.739
2363.971268 88.758
2381.101578 88.780
2398.356022 88.804
2415.735498 88.831
2433.240913 88.861
2450.873180 88.895
2468.633217 88.933
2486.521951 88.978
2504.540314 89.029
2522.689246 89.088
2540.969692 89.153
2559.382606 89.227
2577.928947 89.306
2596.609683 89.392
2615.425787 89.482
2634.378241 89.575
2653.468031 89.668
2672.696154 89.760
2692.063613 89.850
2711.571415 89.936
2731.220579 90.017
2751.012130 90.093
2770.947098 90.163
2791.026522 90.228
2811.251451 90.290
2831.622938 90.348
2852.142045 90.405
2872.809842 90.463
2893.627406 90.523
2914.595823 90.586
2935.716186 90.654
2956.989596 90.726
2978.417161 90.802
3000.000000 90.881
3021.739237 90.960
3043.636005 91.037
3065.691446 91.108
3087.906710 91.172
3110.282955 91.224
3132.821347 91.263
3155.523062 91.287
3178.389283 91.293
3201.421202 91.282
3224.620020 91.252
3247.986946 91.204
3271.523198 91.139
3295.230004 91.057
3319.108599 90.962
3343.160228 90.854
3367.386145 90.737
3391.787613 90.614
3416.365904 90.487
3441.122300 90.361
3466.058091 90.238
3491.174576 90.120
3516.473066 90.010
3541.954880 89.911
3567.621345 89.822
3593.473800 89.746
3619.513592 89.682
3645.742080 89.632
3672.160630 89.595
3698.770620 89.571
3725.573436 89.557
3752.570477 89.553
3779.763150 89.556
3807.152872 89.564
3834.741071 89.574
3862.529185 89.585
3890.518664 89.594
3918.710966 89.600
3947.107561 89.603
3975.709929 89.602
4004.519563 89.598
4033.537962 89.591
4062.766641 89.582
4092.207123 89.573
4121.860942 89.564
4151.729646 89.555
4181.814790 89.546
4212.117944 89.537
4242.640687 89.525
4273.384610 89.511
4304.351317 89.493
4335.542421 89.470
4366.959549 89.444
4398.604338 89.414
4430.478438 89.382
4462.583511 89.350
4494.921231 89.320
4527.493283 89.294
4560.301365 89.273
4593.347189 89.261
4626.632476 89.256
4660.158962 89.261
4693.928395 89.274
4727.942535 89.294
4762.203156 89.320
4796.712043 89.349
4831.470996 89.379
4866.481826 89.408
4901.746360 89.433
4937.266434 89.452
4973.043902 89.464
5009.080628 89.466
5045.378492 89.460
5081.939384 89.444
5118.765212 89.420
5155.857894 89.390
5193.219366 89.358
5230.851574 89.327
5268.756481 89.302
5306.936062 89.286
5345.392309 89.285
5384.127225 89.300
5423.142830 89.333
5462.441159 89.384
5502.024259 89.451
5541.894195 89.531
5582.053045 89.621
5622.502902 89.715
5663.245876 89.808
5704.284090 89.897
5745.619684 89.978
5787.254813 90.047
5829.191647 90.105
5871.432373 90.150
5913.979192 90.182
5956.834323 90.202
6000.000000 90.211
6043.478473 90.212
6087.272010 90.204
6131.382892 90.189
6175.813420 90.169
6220.565910 90.143
6265.642695 90.111
6311.046124 90.074
6356.778566 90.032
6402.842404 89.985
6449.240040 89.933
6495.973891 89.875
6543.046396 89.813
6590.460007 89.746
6638.217197 89.676
6686.320456 89.602
6734.772290 89.525
6783.575226 89.444
6832.731809 89.358
6882.244600 89.267
6932.116181 89.168
6982.349153 89.061
7032.946133 88.944
7083.909760 88.817
7135.242690 88.680
7186.947600 88.534
7239.027185 88.381
7291.484160 88.224
7344.321260 88.066
7397.541239 87.913
7451.146872 87.768
7505.140954 87.636
7559.526299 87.521
7614.305743 87.426
7669.482141 87.353
7725.058371 87.302
7781.037328 87.273
7837.421932 87.263
7894.215122 87.269
7951.419859 87.287
8009.039125 87.315
8067.075924 87.347
8125.533282 87.380
8184.414245 87.413
8243.721885 87.442
8303.459292 87.465
8363.629581 87.482
8424.235888 87.492
8485.281374 87.495
8546.769221 87.492
8608.702634 87.486
8671.084842 87.478
8733.919097 87.471
8797.208675 87.465
8860.956876 87.463
8925.167022 87.465
8989.842461 87.470
9054.986566 87.479
9120.602731 87.489
9186.694378 87.498
9253.264952 87.506
9320.317925 87.510
9387.856790 87.508
9455.885071 87.501
9524.406312 87.486
9593.424086 87.463
9662.941992 87.430
9732.963653 87.387
9803.492719 87.333
9874.532869 87.265
9946.087805 87.185
10018.161257 87.089
10090.756983 86.980
10163.878768 86.855
10237.530423 86.716
10311.715789 86.563
10386.438732 86.398
10461.703149 86.222
10537.512962 86.037
10613.872125 85.847
10690.784618 85.653
10768.254450 85.460
10846.285661 85.272
10924.882318 85.090
11004.048518 84.919
11083.788390 84.760
11164.106090 84.616
11245.005805 84.488
11326.491752 84.377
11408.568180 84.284
11491.239368 84.208
11574.509626 84.151
11658.383294 84.113
11742.864745 84.095
11827.958384 84.098
11913.668646 84.121
12000.000000 84.164
12086.956947 84.227
12174.544019 84.308
12262.765784 84.407
12351.626840 84.519
12441.131819 84.644
12531.285389 84.779
12622.092249 84.921
12713.557132 85.066
12805.684808 85.214
12898.480079 85.361
12991.947783 85.506
13086.092792 85.646
13180.920015 85.780
13276.434395 85.906
13372.640911 86.023
13469.544580 86.130
13567.150452 86.226
13665.463617 86.310
13764.489200 86.380
13864.232362 86.438
13964.698305 86.480
14065.892266 86.507
14167.819519 86.518
14270.485380 86.512
14373.895200 86.488
14478.054370 86.446
14582.968320 86.386
14688.642520 86.307
14795.082478 86.209
14902.293745 86.092
15010.281908 85.958
15119.052599 85.806
15228.611486 85.638
15338.964283 85.457
15450.116741 85.264
15562.074656 85.063
15674.843864 84.859
15788.430244 84.655
15902.839718 84.457
16018.078250 84.271
16134.151848 84.102
16251.066563 83.955
16368.828491 83.836
16487.443769 83.746
16606.918584 83.686
16727.259161 83.657
16848.471777 83.654
16970.562748 83.674
17093.538442 83.713
17217.405268 83.765
17342.169684 83.825
17467.838194 83.889
17594.417350 83.953
17721.913751 84.014
17850.334044 84.070
17979.684923 84.120
18109.973131 84.162
18241.205462 84.196
18373.388756 84.223
18506.529905 84.244
18640.635849 84.259
18775.713581 84.269
18911.770141 84.275
19048.812624 84.279
19186.848172 84.281
19325.883983 84.282
19465.927305 84.282
19606.985439 84.282
19749.065738 84.282
19892.175609 84.282
20036.322514 84.282
