0.366211 87.992
0.368865 87.992
0.371538 87.992
0.374230 87.992
0.376942 87.992
0.379673 87.992
0.382424 87.992
0.385196 87.992
0.387987 87.992
0.390798 87.993
0.393630 87.993
0.396483 87.993
0.399356 87.993
0.402250 87.993
0.405165 87.993
0.408101 87.993
0.411058 87.994
0.414037 87.994
0.417037 87.994
0.420059 87.994
0.423103 87.994
0.426169 87.994
0.429257 87.994
0.432368 87.995
0.435501 87.995
0.438656 87.995
0.441835 87.995
0.445037 87.995
0.448262 87.996
0.451510 87.996
0.454782 87.996
0.458077 87.996
0.461397 87.996
0.464740 87.997
0.468108 87.997
0.471500 87.997
0.474917 87.997
0.478358 87.997
0.481825 87.998
0.485316 87.998
0.488833 87.998
0.492375 87.998
0.495943 87.998
0.499537 87.999
0.503157 87.999
0.506803 87.999
0.510475 87.999
0.514175 87.999
0.517900 88.000
0.521653 88.000
0.525434 88.000
0.529241 88.000
0.533076 88.001
0.536939 88.001
0.540830 88.001
0.544749 88.001
0.548696 88.001
0.552673 88.002
0.556677 88.002
0.560711 88.002
0.564774 88.002
0.568867 88.003
0.572989 88.003
0.577141 88.003
0.581324 88.003
0.585536 88.004
0.589779 88.004
0.594053 88.004
0.598358 88.004
0.602694 88.005
0.607061 88.005
0.611460 88.005
0.615891 88.005
0.620354 88.006
0.624849 88.006
0.629377 88.006
0.633938 88.007
0.638532 88.007
0.643159 88.007
0.647819 88.007
0.652514 88.008
0.657242 88.008
0.662005 88.008
0.666802 88.009
0.671634 88.009
0.676501 88.009
0.681403 88.010
0.686341 88.010
0.691314 88.010
0.696324 88.010
0.701370 88.011
0.706452 88.011
0.711571 88.011
0.716728 88.012
0.721921 88.012
0.727153 88.013
0.732422 88.013
0.737729 88.013
0.743075 88.014
0.748460 88.014
0.753883 88.014
0.759346 88.015
0.764849 88.015
0.770391 88.016
0.775974 88.016
0.781597 88.016
0.787261 88.017
0.792966 88.017
0.798712 88.018
0.804500 88.018
0.810329 88.019
0.816201 88.019
0.822116 88.019
0.828073 88.020
0.834074 88.020
0.840118 88.021
0.846206 88.021
0.852338 88.022
0.858514 88.022
0.864735 88.023
0.871001 88.023
0.877313 88.024
0.883670 88.024
0.890074 88.025
0.896524 88.025
0.903020 88.026
0.909564 88.026
0.916155 88.027
0.922794 88.028
0.929481 88.028
0.936216 88.029
0.943000 88.029
0.949834 88.030
0.956717 88.030
0.963649 88.031
0.970632 88.031
0.977666 88.032
0.984750 88.033
0.991886 88.033
0.999074 88.034
1.006314 88.034
1.013606 88.035
1.020951 88.036
1.028349 88.036
1.035801 88.037
1.043307 88.038
1.050867 88.038
1.058482 88.039
1.066152 88.039
1.073878 88.040
1.081660 88.041
1.089498 88.041
1.097393 88.042
1.105345 88.043
1.113355 88.043
1.121423 88.044
1.129549 88.045
1.137734 88.045
1.145979 88.046
1.154283 88.047
1.162647 88.047
1.171072 88.048
1.179558 88.049
1.188106 88.050
1.196715 88.050
1.205387 88.051
1.214122 88.052
1.222920 88.052
1.231782 88.053
1.240708 88.054
1.249699 88.055
1.258754 88.055
1.267876 88.056
1.277063 88.057
1.286318 88.057
1.295639 88.058
1.305027 88.059
1.314484 88.060
1.324009 88.060
1.333604 88.061
1.343268 88.062
1.353002 88.063
1.362806 88.063
1.372681 88.064
1.382628 88.065
1.392647 88.066
1.402739 88.066
1.412904 88.067
1.423142 88.068
1.433455 88.068
1.443843 88.069
1.454305 88.070
1.464844 88.071
1.475459 88.071
1.486150 88.072
1.496920 88.073
1.507767 88.073
1.518693 88.074
1.529698 88.075
1.540783 88.075
1.551948 88.076
1.563194 88.077
1.574521 88.077
1.585931 88.078
1.597423 88.079
1.608999 88.079
1.620658 88.080
1.632402 88.081
1.644232 88.081
1.656146 88.082
1.668147 88.082
1.680235 88.083
1.692411 88.084
1.704675 88.084
1.717028 88.085
1.729470 88.085
1.742003 88.086
1.754626 88.086
1.767341 88.087
1.780147 88.087
1.793047 88.088
1.806040 88.088
1.819128 88.088
1.832310 88.089
1.845587 88.089
1.858961 88.089
1.872432 88.090
1.886001 88.090
1.899667 88.090
1.913433 88.090
1.927299 88.091
1.941265 88.091
1.955332 88.091
1.969501 88.091
1.983773 88.091
1.998148 88.091
2.012627 88.091
2.027212 88.091
2.041902 88.091
2.056698 88.091
2.071602 88.091
2.086614 88.091
2.101734 88.091
2.116964 88.090
2.132304 88.090
2.147756 88.090
2.163320 88.089
2.178996 88.089
2.194786 88.088
2.210690 88.088
2.226710 88.087
2.242845 88.087
2.259098 88.086
2.275468 88.085
2.291957 88.085
2.308566 88.084
2.325295 88.083
2.342145 88.082
2.359117 88.081
2.376212 88.080
2.393431 88.079
2.410775 88.077
2.428244 88.076
2.445840 88.075
2.463564 88.073
2.481416 88.072
2.499397 88.070
2.517509 88.069
2.535752 88.067
2.554127 88.065
2.572635 88.063
2.591277 88.061
2.610055 88.059
2.628968 88.057
2.648019 88.055
2.667208 88.052
2.686535 88.050
2.706003 88.047
2.725612 88.045
2.745363 88.042
2.765257 88.039
2.785295 88.036
2.805478 88.033
2.825808 88.030
2.846285 88.027
2.866910 88.024
2.887685 88.020
2.908611 88.017
2.929688 88.013
2.950917 88.010
2.972301 88.006
2.993839 88.002
3.015534 87.998
3.037386 87.993
3.059396 87.989
3.081565 87.985
3.103896 87.980
3.126388 87.975
3.149043 87.970
3.171862 87.965
3.194847 87.960
3.217998 87.955
3.241317 87.950
3.264805 87.944
3.288463 87.939
3.312293 87.933
3.336295 87.927
3.360471 87.921
3.384822 87.915
3.409350 87.908
3.434056 87.902
3.458940 87.895
3.484005 87.888
3.509252 87.881
3.534681 87.874
3.560295 87.867
3.586094 87.860
3.612081 87.852
3.638255 87.844
3.664620 87.837
3.691175 87.829
3.717923 87.820
3.744864 87.812
3.772001 87.804
3.799335 87.795
3.826866 87.786
3.854597 87.777
3.882529 87.768
3.910664 87.759
3.939002 87.750
3.967546 87.740
3.996296 87.730
4.025255 87.721
4.054423 87.710
4.083804 87.700
4.113396 87.690
4.143204 87.679
4.173227 87.669
4.203468 87.658
4.233928 87.647
4.264609 87.636
4.295512 87.625
4.326639 87.613
4.357992 87.602
4.389572 87.590
4.421380 87.578
4.453419 87.566
4.485691 87.554
4.518196 87.541
4.550936 87.529
4.583914 87.516
4.617131 87.503
4.650589 87.491
4.684289 87.477
4.718233 87.464
4.752424 87.451
4.786862 87.437
4.821549 87.424
4.856488 87.410
4.891680 87.396
4.927127 87.382
4.962831 87.368
4.998794 87.354
5.035017 87.339
5.071503 87.325
5.108253 87.310
5.145270 87.295
5.182555 87.280
5.220110 87.265
5.257937 87.250
5.296038 87.235
5.334415 87.220
5.373071 87.204
5.412006 87.189
5.451224 87.173
5.490725 87.157
5.530514 87.141
5.570590 87.125
5.610957 87.109
5.651616 87.093
5.692570 87.077
5.733821 87.060
5.775370 87.044
5.817221 87.027
5.859375 87.011
5.901834 86.994
5.944602 86.977
5.987679 86.960
6.031068 86.944
6.074771 86.927
6.118792 86.909
6.163131 86.892
6.207792 86.875
6.252776 86.858
6.298086 86.841
6.343725 86.823
6.389694 86.806
6.435996 86.789
6.482634 86.771
6.529610 86.754
6.576926 86.736
6.624585 86.719
6.672590 86.701
6.720942 86.683
6.769645 86.666
6.818700 86.648
6.868111 86.631
6.917881 86.613
6.968010 86.596
7.018504 86.578
7.069362 86.561
7.120590 86.543
7.172189 86.526
7.224161 86.508
7.276511 86.491
7.329239 86.474
7.382350 86.457
7.435845 86.440
7.489729 86.423
7.544002 86.406
7.598669 86.389
7.653732 86.373
7.709194 86.356
7.765058 86.340
7.821327 86.324
7.878004 86.308
7.935091 86.293
7.992592 86.277
8.050510 86.262
8.108847 86.247
8.167607 86.233
8.226793 86.218
8.286408 86.204
8.346454 86.191
8.406936 86.178
8.467856 86.165
8.529218 86.152
8.591024 86.140
8.653278 86.129
8.715983 86.118
8.779143 86.107
8.842760 86.097
8.906839 86.088
8.971381 86.079
9.036392 86.071
9.101873 86.063
9.167829 86.056
9.234263 86.050
9.301178 86.045
9.368578 86.040
9.436467 86.036
9.504847 86.033
9.573723 86.030
9.643099 86.029
9.712976 86.028
9.783361 86.028
9.854255 86.029
9.925663 86.030
9.997588 86.033
10.070035 86.036
10.143007 86.041
10.216507 86.046
10.290540 86.052
10.365109 86.058
10.440219 86.066
10.515873 86.075
10.592076 86.084
10.668830 86.094
10.746141 86.105
10.824012 86.116
10.902447 86.128
10.981451 86.141
11.061027 86.154
11.141180 86.168
11.221913 86.182
11.303232 86.197
11.385140 86.212
11.467641 86.228
11.550741 86.244
11.634442 86.260
11.718750 86.276
11.803669 86.292
11.889203 86.309
11.975357 86.325
12.062136 86.342
12.149543 86.358
12.237583 86.374
12.326262 86.390
12.415583 86.406
12.505552 86.421
12.596172 86.436
12.687449 86.450
12.779387 86.464
12.871992 86.477
12.965268 86.490
13.059220 86.502
13.153852 86.514
13.249170 86.525
13.345179 86.535
13.441884 86.544
13.539289 86.553
13.637401 86.560
13.736223 86.567
13.835761 86.573
13.936021 86.578
14.037007 86.583
14.138725 86.586
14.241180 86.588
14.344377 86.590
14.448323 86.591
14.553021 86.591
14.658478 86.590
14.764700 86.588
14.871691 86.585
14.979457 86.582
15.088005 86.577
15.197339 86.572
15.307465 86.566
15.418389 86.560
15.530117 86.553
15.642655 86.545
15.756008 86.537
15.870182 86.528
15.985184 86.519
16.101019 86.509
16.217694 86.499
16.335214 86.489
16.453586 86.479
16.572815 86.468
16.692909 86.457
16.813872 86.447
16.935713 86.436
17.058436 86.426
17.182048 86.415
17.306556 86.405
17.431967 86.395
17.558286 86.386
17.685521 86.377
17.813677 86.368
17.942762 86.360
18.072783 86.353
18.203746 86.346
18.335658 86.340
18.468526 86.334
18.602356 86.329
18.737156 86.325
18.872934 86.322
19.009695 86.319
19.147447 86.317
19.286197 86.316
19.425953 86.316
19.566721 86.316
19.708510 86.318
19.851326 86.320
19.995177 86.322
20.140070 86.326
20.286013 86.330
20.433014 86.335
20.581080 86.340
20.730219 86.347
20.880439 86.354
21.031747 86.361
21.184152 86.370
21.337661 86.379
21.492282 86.389
21.648024 86.399
21.804895 86.410
21.962902 86.422
22.122054 86.435
22.282360 86.449
22.443827 86.463
22.606464 86.479
22.770280 86.495
22.935283 86.512
23.101481 86.529
23.268884 86.548
23.437500 86.568
23.607338 86.588
23.778406 86.609
23.950714 86.632
24.124271 86.655
24.299086 86.678
24.475167 86.703
24.652524 86.728
24.831166 86.755
25.011103 86.781
25.192344 86.809
25.374898 86.837
25.558775 86.865
25.743984 86.894
25.930536 86.924
26.118439 86.954
26.307704 86.984
26.498341 87.014
26.690359 87.044
26.883768 87.075
27.078579 87.105
27.274801 87.135
27.472446 87.166
27.671522 87.195
27.872042 87.225
28.074014 87.254
28.277450 87.282
28.482360 87.309
28.688755 87.336
28.896645 87.361
29.106042 87.386
29.316957 87.409
29.529400 87.431
29.743382 87.451
29.958915 87.469
30.176009 87.486
30.394677 87.500
30.614929 87.512
30.836778 87.522
31.060234 87.529
31.285309 87.534
31.512015 87.535
31.740364 87.534
31.970368 87.529
32.202039 87.521
32.435388 87.510
32.670428 87.495
32.907171 87.477
33.145630 87.455
33.385817 87.429
33.627745 87.400
33.871425 87.367
34.116871 87.331
34.364096 87.291
34.613113 87.248
34.863934 87.201
35.116572 87.152
35.371041 87.100
35.627354 87.046
35.885525 86.989
36.145566 86.931
36.407492 86.872
36.671316 86.811
36.937051 86.751
37.204712 86.690
37.474313 86.631
37.745867 86.572
38.019389 86.516
38.294893 86.462
38.572394 86.410
38.851905 86.362
39.133442 86.318
39.417019 86.277
39.702651 86.241
39.990353 86.210
40.280140 86.183
40.572026 86.161
40.866028 86.144
41.162160 86.132
41.460438 86.124
41.760877 86.120
42.063494 86.119
42.368303 86.122
42.675322 86.128
42.984565 86.137
43.296048 86.147
43.609789 86.159
43.925804 86.171
44.244108 86.184
44.564719 86.196
44.887654 86.208
45.212928 86.219
45.540560 86.229
45.870565 86.237
46.202962 86.242
46.537768 86.245
46.875000 86.246
47.214676 86.244
47.556813 86.239
47.901429 86.231
48.248542 86.219
48.598171 86.205
48.950334 86.187
49.305048 86.165
49.662333 86.141
50.022206 86.113
50.384688 86.082
50.749796 86.047
51.117550 86.009
51.487969 85.969
51.861072 85.925
52.236879 85.877
52.615409 85.827
52.996681 85.774
53.380717 85.718
53.767536 85.660
54.157158 85.598
54.549603 85.534
54.944892 85.467
55.343045 85.397
55.744084 85.325
56.148028 85.251
56.554900 85.174
56.964720 85.096
57.377510 85.016
57.793291 84.934
58.212085 84.851
58.633914 84.767
59.058799 84.682
59.486764 84.598
59.917829 84.514
60.352019 84.431
60.789354 84.351
61.229859 84.273
61.673556 84.198
62.120468 84.128
62.570618 84.064
63.024031 84.005
63.480729 83.954
63.940736 83.911
64.404077 83.876
64.870776 83.851
65.340856 83.836
65.814343 83.832
66.291261 83.838
66.771635 83.854
67.255489 83.881
67.742850 83.918
68.233743 83.964
68.728193 84.019
69.226226 84.081
69.727867 84.151
70.233144 84.228
70.742083 84.309
71.254709 84.395
71.771050 84.484
72.291132 84.576
72.814984 84.670
73.342631 84.765
73.874102 84.860
74.409424 84.955
74.948626 85.050
75.491734 85.144
76.038779 85.236
76.589787 85.327
77.144788 85.416
77.703811 85.502
78.266885 85.586
78.834039 85.668
79.405303 85.747
79.980706 85.823
80.560280 85.896
81.144053 85.967
81.732056 86.034
82.324320 86.099
82.920876 86.160
83.521755 86.218
84.126988 86.273
84.736607 86.325
85.350643 86.373
85.969129 86.418
86.592097 86.460
87.219579 86.498
87.851608 86.533
88.488217 86.565
89.129439 86.593
89.775308 86.617
90.425856 86.639
91.081119 86.656
91.741131 86.671
92.405925 86.682
93.075536 86.691
93.750000 86.696
94.429351 86.699
95.113625 86.698
95.802858 86.696
96.497085 86.691
97.196342 86.684
97.900667 86.676
98.610096 86.665
99.324665 86.653
100.044413 86.640
100.769376 86.626
101.499592 86.610
102.235100 86.593
102.975938 86.575
103.722144 86.556
104.473757 86.536
105.230817 86.515
105.993363 86.493
106.761435 86.471
107.535072 86.447
108.314315 86.422
109.099206 86.397
109.889783 86.372
110.686090 86.345
111.488167 86.319
112.296056 86.292
113.109800 86.266
113.929440 86.240
114.755020 86.215
115.586582 86.191
116.424170 86.169
117.267827 86.148
118.117598 86.130
118.973527 86.114
119.835658 86.101
120.704037 86.091
121.578708 86.085
122.459718 86.082
123.347111 86.083
124.240935 86.087
125.141236 86.095
126.048061 86.107
126.961458 86.121
127.881473 86.139
128.808154 86.159
129.741551 86.181
130.681712 86.204
131.628686 86.228
132.582521 86.253
133.543269 86.278
134.510979 86.302
135.485701 86.325
136.467486 86.346
137.456386 86.365
138.452451 86.381
139.455735 86.394
140.466288 86.403
141.484165 86.408
142.509418 86.409
143.542100 86.405
144.582265 86.395
145.629968 86.380
146.685262 86.359
147.748204 86.333
148.818849 86.302
149.897251 86.266
150.983469 86.225
152.077557 86.181
153.179574 86.134
154.289576 86.086
155.407622 86.037
156.533770 85.989
157.668078 85.944
158.810606 85.903
159.961413 85.867
161.120559 85.837
162.288105 85.816
163.464112 85.802
164.648640 85.797
165.841752 85.800
167.043510 85.812
168.253976 85.829
169.473213 85.853
170.701286 85.881
171.938258 85.911
173.184194 85.942
174.439158 85.972
175.703216 86.000
176.976434 86.024
178.258878 86.044
179.550615 86.057
180.851713 86.065
182.162239 86.065
183.482262 86.059
184.811850 86.046
186.151073 86.027
187.500000 86.002
188.858702 85.973
190.227250 85.939
191.605715 85.902
192.994169 85.863
194.392685 85.823
195.801334 85.783
197.220191 85.744
198.649330 85.709
200.088825 85.677
201.538751 85.649
202.999184 85.628
204.470200 85.612
205.951875 85.604
207.444287 85.603
208.947514 85.609
210.461634 85.623
211.986726 85.643
213.522869 85.670
215.070144 85.702
216.628631 85.740
218.198411 85.782
219.779567 85.828
221.372180 85.877
222.976334 85.928
224.592112 85.980
226.219600 86.033
227.858880 86.085
229.510039 86.136
231.173164 86.184
232.848340 86.228
234.535655 86.267
236.235197 86.300
237.947054 86.325
239.671317 86.342
241.408074 86.349
243.157416 86.345
244.919435 86.330
246.694223 86.304
248.481871 86.267
250.282473 86.219
252.096123 86.161
253.922915 86.095
255.762945 86.021
257.616309 85.943
259.483103 85.862
261.363424 85.780
263.257372 85.701
265.165043 85.626
267.086538 85.559
269.021957 85.501
270.971401 85.453
272.934972 85.416
274.912771 85.391
276.904902 85.378
278.911469 85.376
280.932577 85.384
282.968330 85.400
285.018835 85.424
287.084199 85.454
289.164530 85.488
291.259935 85.525
293.370525 85.563
295.496408 85.601
297.637697 85.638
299.794503 85.673
301.966937 85.704
304.155114 85.731
306.359147 85.753
308.579152 85.769
310.815244 85.779
313.067539 85.784
315.336156 85.783
317.621211 85.776
319.922826 85.763
322.241118 85.746
324.576210 85.724
326.928223 85.698
329.297280 85.668
331.683504 85.635
334.087019 85.601
336.507952 85.566
338.946427 85.531
341.402572 85.498
343.876516 85.467
346.368387 85.439
348.878315 85.415
351.406431 85.395
353.952867 85.379
356.517756 85.366
359.101230 85.355
361.703426 85.347
364.324478 85.339
366.964523 85.332
369.623699 85.324
372.302145 85.316
375.000000 85.306
377.717405 85.295
380.454501 85.281
383.211431 85.266
385.988339 85.248
388.785369 85.227
391.602668 85.203
394.440383 85.176
397.298660 85.146
400.177650 85.114
403.077502 85.080
405.998368 85.046
408.940400 85.011
411.903750 84.976
414.888575 84.944
417.895028 84.914
420.923268 84.886
423.973452 84.862
427.045738 84.841
430.140287 84.823
433.257261 84.808
436.396822 84.795
439.559133 84.785
442.744360 84.777
445.952668 84.771
449.184225 84.766
452.439199 84.763
455.717760 84.761
459.020079 84.759
462.346327 84.756
465.696680 84.751
469.071310 84.744
472.470394 84.734
475.894109 84.720
479.342634 84.700
482.816148 84.676
486.314833 84.647
489.838871 84.614
493.388445 84.578
496.963741 84.539
500.564945 84.499
504.192245 84.457
507.845830 84.415
511.525890 84.372
515.232618 84.328
518.966206 84.283
522.726849 84.236
526.514743 84.187
530.330086 84.136
534.173076 84.082
538.043915 84.025
541.942803 83.966
545.869944 83.904
549.825542 83.839
553.809805 83.773
557.822939 83.704
561.865154 83.632
565.936660 83.557
570.037671 83.478
574.168399 83.396
578.329060 83.309
582.519870 83.218
586.741049 83.123
590.992817 83.024
595.275394 82.922
599.589005 82.818
603.933874 82.715
608.310228 82.613
612.718295 82.514
617.158304 82.421
621.630488 82.335
626.135079 82.255
630.672311 82.185
635.242423 82.123
639.845651 82.070
644.482237 82.027
649.152421 81.991
653.856447 81.962
658.594560 81.939
663.367008 81.919
668.174039 81.901
673.015903 81.883
677.892854 81.862
682.805145 81.837
687.753032 81.806
692.736774 81.770
697.756631 81.728
702.812863 81.681
707.905735 81.630
713.035511 81.577
718.202461 81.524
723.406852 81.473
728.648956 81.429
733.929047 81.392
739.247399 81.367
744.604290 81.356
750.000000 81.359
755.434809 81.377
760.909001 81.408
766.422861 81.450
771.976677 81.500
777.570739 81.553
783.205337 81.607
788.880766 81.657
794.597321 81.701
800.355301 81.738
806.155005 81.767
811.996736 81.789
817.880799 81.805
823.807501 81.817
829.777150 81.827
835.790057 81.837
841.846536 81.847
847.946903 81.860
854.091476 81.876
860.280575 81.894
866.514523 81.913
872.793644 81.932
879.118267 81.950
885.488720 81.965
891.905336 81.978
898.368450 81.987
904.878398 81.991
911.435520 81.991
918.040157 81.987
924.692655 81.980
931.393359 81.969
938.142619 81.956
944.940787 81.943
951.788218 81.930
958.685268 81.919
965.632296 81.912
972.629666 81.908
979.677741 81.910
986.776890 81.915
993.927482 81.925
1001.129891 81.938
1008.384491 81.952
1015.691660 81.967
1023.051781 81.984
1030.465236 82.001
1037.932411 82.021
1045.453698 82.044
1053.029486 82.072
1060.660172 82.105
1068.346153 82.145
1076.087829 82.191
1083.885605 82.243
1091.739887 82.299
1099.651084 82.359
1107.619609 82.420
1115.645878 82.482
1123.730308 82.544
1131.873321 82.605
1140.075341 82.665
1148.336797 82.723
1156.658119 82.780
1165.039741 82.835
1173.482099 82.889
1181.985634 82.942
1190.550789 82.992
1199.178011 83.041
1207.867749 83.086
1216.620457 83.127
1225.436590 83.163
1234.316609 83.191
1243.260976 83.213
1252.270157 83.228
1261.344623 83.236
1270.484846 83.239
1279.691303 83.238
1288.964474 83.232
1298.304842 83.223
1307.712894 83.211
1317.189120 83.195
1326.734016 83.175
1336.348077 83.152
1346.031806 83.123
1355.785708 83.091
1365.610290 83.055
1375.506065 83.015
1385.473549 82.974
1395.513261 82.934
1405.625726 82.894
1415.811469 82.859
1426.071023 82.828
1436.404921 82.804
1446.813703 82.787
1457.297912 82.778
1467.858093 82.777
1478.494798 82.784
1489.208581 82.801
1500.000000 82.828
1510.869618 82.864
1521.818002 82.909
1532.845723 82.963
1543.953355 83.023
1555.141477 83.087
1566.410674 83.154
1577.761531 83.220
1589.194642 83.284
1600.710601 83.343
1612.310010 83.398
1623.993473 83.448
1635.761599 83.492
1647.615002 83.532
1659.554299 83.568
1671.580114 83.601
1683.693072 83.634
1695.893807 83.666
1708.182952 83.698
1720.561150 83.733
1733.029045 83.772
1745.587288 83.815
1758.236533 83.864
1770.977440 83.921
1783.810673 83.987
1796.736900 84.062
1809.756796 84.146
1822.871040 84.240
1836.080315 84.342
1849.385310 84.452
1862.786718 84.568
1876.285239 84.688
1889.881575 84.810
1903.576436 84.932
1917.370535 85.053
1931.264593 85.170
1945.259332 85.282
1959.355483 85.388
1973.553781 85.486
1987.854965 85.576
2002.259781 85.658
2016.768981 85.733
2031.383320 85.800
2046.103561 85.862
2060.930471 85.920
2075.864823 85.973
2090.907395 86.024
2106.058972 86.073
2121.320344 86.122
2136.692305 86.171
2152.175658 86.222
2167.771210 86.274
2183.479774 86.328
2199.302169 86.385
2215.239219 86.443
2231.291755 86.503
2247.460615 86.565
2263.746641 86.627
2280.150683 86.689
2296.673595 86.749
2313.316238 86.808
2330.079481 86.865
2346.964198 86.919
2363.971268 86.970
2381.101578 87.018
2398.356022 87.063
2415.735498 87.105
2433.240913 87.146
2450.873180 87.185
2468.633217 87.224
2486.521951 87.263
2504.540314 87.303
2522.689246 87.344
2540.969692 87.386
2559.382606 87.430
2577.928947 87.475
2596.609683 87.522
2615.425787 87.570
2634.378241 87.618
2653.468031 87.665
2672.696154 87.713
2692.063613 87.759
2711.571415 87.803
2731.220579 87.845
2751.012130 87.885
2770.947098 87.923
2791.026522 87.959
2811.251451 87.993
2831.622938 88.027
2852.142045 88.060
2872.809842 88.093
2893.627406 88.126
2914.595823 88.161
2935.716186 88.197
2956.989596 88.234
2978.417161 88.272
3000.000000 88.311
3021.739237 88.350
3043.636005 88.388
3065.691446 88.425
3087.906710 88.459
3110.282955 88.490
3132.821347 88.517
3155.523062 88.539
3178.389283 88.556
3201.421202 88.568
3224.620020 88.575
3247.986946 88.577
3271.523198 88.576
3295.230004 88.570
3319.108599 88.562
3343.160228 88.551
3367.386145 88.539
3391.787613 88.527
3416.365904 88.515
3441.122300 88.503
3466.058091 88.492
3491.174576 88.483
3516.473066 88.475
3541.954880 88.468
3567.621345 88.463
3593.473800 88.460
3619.513592 88.458
3645.742080 88.458
3672.160630 88.460
3698.770620 88.462
3725.573436 88.466
3752.570477 88.470
3779.763150 88.475
3807.152872 88.479
3834.741071 88.483
3862.529185 88.485
3890.518664 88.487
3918.710966 88.486
3947.107561 88.483
3975.709929 88.479
4004.519563 88.472
4033.537962 88.464
4062.766641 88.455
4092.207123 88.444
4121.860942 88.432
4151.729646 88.419
4181.814790 88.404
4212.117944 88.389
4242.640687 88.373
4273.384610 88.355
4304.351317 88.335
4335.542421 88.313
4366.959549 88.290
4398.604338 88.265
4430.478438 88.239
4462.583511 88.212
4494.921231 88.185
4527.493283 88.158
4560.301365 88.131
4593.347189 88.106
4626.632476 88.081
4660.158962 88.058
4693.928395 88.037
4727.942535 88.016
4762.203156 87.996
4796.712043 87.977
4831.470996 87.958
4866.481826 87.938
4901.746360 87.917
4937.266434 87.895
4973.043902 87.870
5009.080628 87.842
5045.378492 87.812
5081.939384 87.778
5118.765212 87.742
5155.857894 87.703
5193.219366 87.662
5230.851574 87.620
5268.756481 87.577
5306.936062 87.535
5345.392309 87.494
5384.127225 87.455
5423.142830 87.419
5462.441159 87.385
5502.024259 87.354
5541.894195 87.325
5582.053045 87.298
5622.502902 87.271
5663.245876 87.244
5704.284090 87.216
5745.619684 87.185
5787.254813 87.151
5829.191647 87.112
5871.432373 87.068
5913.979192 87.019
5956.834323 86.964
6000.000000 86.904
6043.478473 86.838
6087.272010 86.767
6131.382892 86.691
6175.813420 86.610
6220.565910 86.524
6265.642695 86.433
6311.046124 86.337
6356.778566 86.237
6402.842404 86.132
6449.240040 86.022
6495.973891 85.907
6543.046396 85.789
6590.460007 85.668
6638.217197 85.543
6686.320456 85.416
6734.772290 85.288
6783.575226 85.158
6832.731809 85.026
6882.244600 84.893
6932.116181 84.760
6982.349153 84.625
7032.946133 84.490
7083.909760 84.354
7135.242690 84.218
7186.947600 84.083
7239.027185 83.952
7291.484160 83.825
7344.321260 83.704
7397.541239 83.593
7451.146872 83.493
7505.140954 83.406
7559.526299 83.334
7614.305743 83.278
7669.482141 83.239
7725.058371 83.216
7781.037328 83.210
7837.421932 83.217
7894.215122 83.238
7951.419859 83.270
8009.039125 83.311
8067.075924 83.359
8125.533282 83.414
8184.414245 83.472
8243.721885 83.533
8303.459292 83.596
8363.629581 83.660
8424.235888 83.723
8485.281374 83.786
8546.769221 83.849
8608.702634 83.911
8671.084842 83.972
8733.919097 84.033
8797.208675 84.093
8860.956876 84.153
8925.167022 84.211
8989.842461 84.267
9054.986566 84.321
9120.602731 84.371
9186.694378 84.417
9253.264952 84.458
9320.317925 84.493
9387.856790 84.523
9455.885071 84.547
9524.406312 84.564
9593.424086 84.575
9662.941992 84.580
9732.963653 84.578
9803.492719 84.571
9874.532869 84.557
9946.087805 84.538
10018.161257 84.513
10090.756983 84.484
10163.878768 84.449
10237.530423 84.411
10311.715789 84.368
10386.438732 84.323
10461.703149 84.276
10537.512962 84.227
10613.872125 84.177
10690.784618 84.127
10768.254450 84.078
10846.285661 84.030
10924.882318 83.986
11004.048518 83.945
11083.788390 83.910
11164.106090 83.881
11245.005805 83.861
11326.491752 83.851
11408.568180 83.853
11491.239368 83.868
11574.509626 83.898
11658.383294 83.945
11742.864745 84.008
11827.958384 84.089
11913.668646 84.187
12000.000000 84.302
12086.956947 84.431
12174.544019 84.573
12262.765784 84.727
12351.626840 84.890
12441.131819 85.060
12531.285389 85.235
12622.092249 85.412
12713.557132 85.589
12805.684808 85.765
12898.480079 85.938
12991.947783 86.106
13086.092792 86.267
13180.920015 86.420
13276.434395 86.564
13372.640911 86.697
13469.544580 86.818
13567.150452 86.927
13665.463617 87.022
13764.489200 87.103
13864.232362 87.169
13964.698305 87.219
14065.892266 87.252
14167.819519 87.268
14270.485380 87.267
14373.895200 87.247
14478.054370 87.209
14582.968320 87.152
14688.642520 87.075
14795.082478 86.980
14902.293745 86.866
15010.281908 86.733
15119.052599 86.583
15228.611486 86.416
15338.964283 86.236
15450.116741 86.043
15562.074656 85.843
15674.843864 85.637
15788.430244 85.432
15902.839718 85.232
16018.078250 85.043
16134.151848 84.871
16251.066563 84.721
16368.828491 84.598
16487.443769 84.505
16606.918584 84.443
16727.259161 84.412
16848.471777 84.409
16970.562748 84.430
17093.538442 84.470
17217.405268 84.523
17342.169684 84.586
17467.838194 84.653
17594.417350 84.721
17721.913751 84.785
17850.334044 84.845
17979.684923 84.898
18109.973131 84.944
18241.205462 84.981
18373.388756 85.012
18506.529905 85.035
18640.635849 85.052
18775.713581 85.063
18911.770141 85.071
19048.812624 85.076
19186.848172 85.078
19325.883983 85.079
19465.927305 85.080
19606.985439 85.080
19749.065738 85.080
19892.175609 85.080
20036.322514 85.080
