0.366211 89.784
0.368865 89.784
0.371538 89.784
0.374230 89.785
0.376942 89.785
0.379673 89.785
0.382424 89.785
0.385196 89.786
0.387987 89.786
0.390798 89.786
0.393630 89.786
0.396483 89.787
0.399356 89.787
0.402250 89.787
0.405165 89.788
0.408101 89.788
0.411058 89.788
0.414037 89.789
0.417037 89.789
0.420059 89.789
0.423103 89.790
0.426169 89.790
0.429257 89.790
0.432368 89.791
0.435501 89.791
0.438656 89.791
0.441835 89.792
0.445037 89.792
0.448262 89.793
0.451510 89.793
0.454782 89.793
0.458077 89.794
0.461397 89.794
0.464740 89.795
0.468108 89.795
0.471500 89.795
0.474917 89.796
0.478358 89.796
0.481825 89.797
0.485316 89.797
0.488833 89.798
0.492375 89.798
0.495943 89.799
0.499537 89.799
0.503157 89.799
0.506803 89.800
0.510475 89.800
0.514175 89.801
0.517900 89.801
0.521653 89.802
0.525434 89.802
0.529241 89.803
0.533076 89.803
0.536939 89.804
0.540830 89.804
0.544749 89.805
0.548696 89.805
0.552673 89.806
0.556677 89.806
0.560711 89.807
0.564774 89.807
0.568867 89.808
0.572989 89.808
0.577141 89.809
0.581324 89.809
0.585536 89.810
0.589779 89.810
0.594053 89.811
0.598358 89.812
0.602694 89.812
0.607061 89.813
0.611460 89.813
0.615891 89.814
0.620354 89.814
0.624849 89.815
0.629377 89.816
0.633938 89.816
0.638532 89.817
0.643159 89.817
0.647819 89.818
0.652514 89.819
0.657242 89.819
0.662005 89.820
0.666802 89.820
0.671634 89.821
0.676501 89.822
0.681403 89.822
0.686341 89.823
0.691314 89.824
0.696324 89.825
0.701370 89.825
0.706452 89.826
0.711571 89.827
0.716728 89.827
0.721921 89.828
0.727153 89.829
0.732422 89.830
0.737729 89.831
0.743075 89.831
0.748460 89.832
0.753883 89.833
0.759346 89.834
0.764849 89.835
0.770391 89.836
0.775974 89.836
0.781597 89.837
0.787261 89.838
0.792966 89.839
0.798712 89.840
0.804500 89.841
0.810329 89.842
0.816201 89.843
0.822116 89.844
0.828073 89.845
0.834074 89.846
0.840118 89.847
0.846206 89.848
0.852338 89.849
0.858514 89.850
0.864735 89.851
0.871001 89.852
0.877313 89.853
0.883670 89.855
0.890074 89.856
0.896524 89.857
0.903020 89.858
0.909564 89.859
0.916155 89.860
0.922794 89.861
0.929481 89.863
0.936216 89.864
0.943000 89.865
0.949834 89.866
0.956717 89.868
0.963649 89.869
0.970632 89.870
0.977666 89.871
0.984750 89.873
0.991886 89.874
0.999074 89.875
1.006314 89.877
1.013606 89.878
1.020951 89.879
1.028349 89.881
1.035801 89.882
1.043307 89.883
1.050867 89.885
1.058482 89.886
1.066152 89.888
1.073878 89.889
1.081660 89.891
1.089498 89.892
1.097393 89.893
1.105345 89.895
1.113355 89.896
1.121423 89.898
1.129549 89.899
1.137734 89.901
1.145979 89.902
1.154283 89.904
1.162647 89.906
1.171072 89.907
1.179558 89.909
1.188106 89.910
1.196715 89.912
1.205387 89.913
1.214122 89.915
1.222920 89.917
1.231782 89.918
1.240708 89.920
1.249699 89.922
1.258754 89.923
1.267876 89.925
1.277063 89.927
1.286318 89.928
1.295639 89.930
1.305027 89.932
1.314484 89.933
1.324009 89.935
1.333604 89.937
1.343268 89.938
1.353002 89.940
1.362806 89.942
1.372681 89.944
1.382628 89.945
1.392647 89.947
1.402739 89.949
1.412904 89.950
1.423142 89.952
1.433455 89.954
1.443843 89.956
1.454305 89.957
1.464844 89.959
1.475459 89.961
1.486150 89.962
1.496920 89.964
1.507767 89.966
1.518693 89.968
1.529698 89.969
1.540783 89.971
1.551948 89.973
1.563194 89.974
1.574521 89.976
1.585931 89.978
1.597423 89.979
1.608999 89.981
1.620658 89.983
1.632402 89.984
1.644232 89.986
1.656146 89.987
1.668147 89.989
1.680235 89.991
1.692411 89.992
1.704675 89.994
1.717028 89.995
1.729470 89.997
1.742003 89.998
1.754626 89.999
1.767341 90.001
1.780147 90.002
1.793047 90.004
1.806040 90.005
1.819128 90.006
1.832310 90.007
1.845587 90.009
1.858961 90.010
1.872432 90.011
1.886001 90.012
1.899667 90.013
1.913433 90.014
1.927299 90.015
1.941265 90.016
1.955332 90.017
1.969501 90.018
1.983773 90.019
1.998148 90.019
2.012627 90.020
2.027212 90.021
2.041902 90.021
2.056698 90.022
2.071602 90.022
2.086614 90.022
2.101734 90.023
2.116964 90.023
2.132304 90.023
2.147756 90.023
2.163320 90.023
2.178996 90.023
2.194786 90.023
2.210690 90.023
2.226710 90.022
2.242845 90.022
2.259098 90.021
2.275468 90.021
2.291957 90.020
2.308566 90.019
2.325295 90.018
2.342145 90.017
2.359117 90.016
2.376212 90.015
2.393431 90.014
2.410775 90.012
2.428244 90.011
2.445840 90.009
2.463564 90.007
2.481416 90.005
2.499397 90.003
2.517509 90.001
2.535752 89.999
2.554127 89.996
2.572635 89.994
2.591277 89.991
2.610055 89.988
2.628968 89.985
2.648019 89.981
2.667208 89.978
2.686535 89.974
2.706003 89.971
2.725612 89.967
2.745363 89.963
2.765257 89.959
2.785295 89.954
2.805478 89.949
2.825808 89.945
2.846285 89.940
2.866910 89.934
2.887685 89.929
2.908611 89.923
2.929688 89.918
2.950917 89.912
2.972301 89.905
2.993839 89.899
3.015534 89.892
3.037386 89.885
3.059396 89.878
3.081565 89.871
3.103896 89.863
3.126388 89.856
3.149043 89.847
3.171862 89.839
3.194847 89.831
3.217998 89.822
3.241317 89.813
3.264805 89.803
3.288463 89.794
3.312293 89.784
3.336295 89.774
3.360471 89.764
3.384822 89.753
3.409350 89.742
3.434056 89.731
3.458940 89.719
3.484005 89.707
3.509252 89.695
3.534681 89.683
3.560295 89.670
3.586094 89.657
3.612081 89.644
3.638255 89.630
3.664620 89.616
3.691175 89.602
3.717923 89.588
3.744864 89.573
3.772001 89.558
3.799335 89.542
3.826866 89.526
3.854597 89.510
3.882529 89.494
3.910664 89.477
3.939002 89.460
3.967546 89.442
3.996296 89.425
4.025255 89.406
4.054423 89.388
4.083804 89.369
4.113396 89.350
4.143204 89.330
4.173227 89.310
4.203468 89.290
4.233928 89.270
4.264609 89.249
4.295512 89.227
4.326639 89.206
4.357992 89.184
4.389572 89.161
4.421380 89.139
4.453419 89.115
4.485691 89.092
4.518196 89.068
4.550936 89.044
4.583914 89.019
4.617131 88.994
4.650589 88.969
4.684289 88.943
4.718233 88.917
4.752424 88.891
4.786862 88.864
4.821549 88.837
4.856488 88.809
4.891680 88.782
4.927127 88.753
4.962831 88.725
4.998794 88.696
5.035017 88.666
5.071503 88.636
5.108253 88.606
5.145270 88.576
5.182555 88.545
5.220110 88.513
5.257937 88.482
5.296038 88.450
5.334415 88.417
5.373071 88.385
5.412006 88.351
5.451224 88.318
5.490725 88.284
5.530514 88.250
5.570590 88.215
5.610957 88.180
5.651616 88.144
5.692570 88.109
5.733821 88.072
5.775370 88.036
5.817221 87.999
5.859375 87.962
5.901834 87.924
5.944602 87.886
5.987679 87.847
6.031068 87.808
6.074771 87.769
6.118792 87.730
6.163131 87.690
6.207792 87.649
6.252776 87.609
6.298086 87.568
6.343725 87.526
6.389694 87.485
6.435996 87.442
6.482634 87.400
6.529610 87.357
6.576926 87.314
6.624585 87.270
6.672590 87.227
6.720942 87.182
6.769645 87.138
6.818700 87.093
6.868111 87.048
6.917881 87.003
6.968010 86.957
7.018504 86.911
7.069362 86.865
7.120590 86.818
7.172189 86.771
7.224161 86.724
7.276511 86.677
7.329239 86.630
7.382350 86.582
7.435845 86.534
7.489729 86.486
7.544002 86.438
7.598669 86.390
7.653732 86.342
7.709194 86.294
7.765058 86.246
7.821327 86.198
7.878004 86.150
7.935091 86.103
7.992592 86.055
8.050510 86.008
8.108847 85.961
8.167607 85.915
8.226793 85.869
8.286408 85.823
8.346454 85.778
8.406936 85.734
8.467856 85.690
8.529218 85.648
8.591024 85.606
8.653278 85.565
8.715983 85.526
8.779143 85.487
8.842760 85.450
8.906839 85.415
8.971381 85.381
9.036392 85.348
9.101873 85.318
9.167829 85.289
9.234263 85.262
9.301178 85.238
9.368578 85.215
9.436467 85.195
9.504847 85.178
9.573723 85.163
9.643099 85.150
9.712976 85.140
9.783361 85.133
9.854255 85.129
9.925663 85.128
9.997588 85.129
10.070035 85.134
10.143007 85.141
10.216507 85.151
10.290540 85.164
10.365109 85.180
10.440219 85.198
10.515873 85.219
10.592076 85.243
10.668830 85.269
10.746141 85.298
10.824012 85.329
10.902447 85.362
10.981451 85.397
11.061027 85.433
11.141180 85.471
11.221913 85.511
11.303232 85.552
11.385140 85.594
11.467641 85.637
11.550741 85.680
11.634442 85.724
11.718750 85.769
11.803669 85.813
11.889203 85.858
11.975357 85.902
12.062136 85.946
12.149543 85.990
12.237583 86.033
12.326262 86.075
12.415583 86.116
12.505552 86.157
12.596172 86.196
12.687449 86.233
12.779387 86.270
12.871992 86.304
12.965268 86.338
13.059220 86.369
13.153852 86.399
13.249170 86.427
13.345179 86.453
13.441884 86.477
13.539289 86.499
13.637401 86.519
13.736223 86.537
13.835761 86.553
13.936021 86.567
14.037007 86.578
14.138725 86.588
14.241180 86.595
14.344377 86.600
14.448323 86.603
14.553021 86.603
14.658478 86.602
14.764700 86.599
14.871691 86.593
14.979457 86.586
15.088005 86.576
15.197339 86.565
15.307465 86.552
15.418389 86.537
15.530117 86.520
15.642655 86.502
15.756008 86.482
15.870182 86.461
15.985184 86.439
16.101019 86.415
16.217694 86.391
16.335214 86.366
16.453586 86.340
16.572815 86.313
16.692909 86.286
16.813872 86.259
16.935713 86.232
17.058436 86.205
17.182048 86.178
17.306556 86.152
17.431967 86.127
17.558286 86.102
17.685521 86.079
17.813677 86.056
17.942762 86.035
18.072783 86.016
18.203746 85.998
18.335658 85.982
18.468526 85.968
18.602356 85.956
18.737156 85.946
18.872934 85.938
19.009695 85.932
19.147447 85.929
19.286197 85.928
19.425953 85.929
19.566721 85.932
19.708510 85.938
19.851326 85.946
19.995177 85.956
20.140070 85.968
20.286013 85.983
20.433014 85.999
20.581080 86.018
20.730219 86.039
20.880439 86.062
21.031747 86.087
21.184152 86.114
21.337661 86.144
21.492282 86.175
21.648024 86.209
21.804895 86.244
21.962902 86.282
22.122054 86.322
22.282360 86.364
22.443827 86.408
22.606464 86.455
22.770280 86.503
22.935283 86.554
23.101481 86.607
23.268884 86.662
23.437500 86.719
23.607338 86.778
23.778406 86.839
23.950714 86.901
24.124271 86.966
24.299086 87.032
24.475167 87.100
24.652524 87.169
24.831166 87.239
25.011103 87.310
25.192344 87.383
25.374898 87.456
25.558775 87.530
25.743984 87.605
25.930536 87.680
26.118439 87.755
26.307704 87.830
26.498341 87.906
26.690359 87.981
26.883768 88.056
27.078579 88.130
27.274801 88.204
27.472446 88.277
27.671522 88.350
27.872042 88.421
28.074014 88.490
28.277450 88.559
28.482360 88.626
28.688755 88.690
28.896645 88.753
29.106042 88.814
29.316957 88.872
29.529400 88.927
29.743382 88.980
29.958915 89.029
30.176009 89.075
30.394677 89.117
30.614929 89.156
30.836778 89.190
31.060234 89.220
31.285309 89.245
31.512015 89.265
31.740364 89.280
31.970368 89.290
32.202039 89.294
32.435388 89.292
32.670428 89.284
32.907171 89.270
33.145630 89.249
33.385817 89.222
33.627745 89.189
33.871425 89.148
34.116871 89.101
34.364096 89.047
34.613113 88.986
34.863934 88.919
35.116572 88.845
35.371041 88.764
35.627354 88.677
35.885525 88.584
36.145566 88.485
36.407492 88.381
36.671316 88.273
36.937051 88.160
37.204712 88.044
37.474313 87.925
37.745867 87.805
38.019389 87.683
38.294893 87.562
38.572394 87.442
38.851905 87.325
39.133442 87.211
39.417019 87.102
39.702651 86.999
39.990353 86.903
40.280140 86.816
40.572026 86.737
40.866028 86.668
41.162160 86.610
41.460438 86.562
41.760877 86.524
42.063494 86.496
42.368303 86.478
42.675322 86.468
42.984565 86.466
43.296048 86.472
43.609789 86.482
43.925804 86.498
44.244108 86.516
44.564719 86.537
44.887654 86.558
45.212928 86.580
45.540560 86.601
45.870565 86.620
46.202962 86.636
46.537768 86.649
46.875000 86.658
47.214676 86.663
47.556813 86.664
47.901429 86.659
48.248542 86.650
48.598171 86.635
48.950334 86.615
49.305048 86.589
49.662333 86.558
50.022206 86.521
50.384688 86.480
50.749796 86.433
51.117550 86.380
51.487969 86.323
51.861072 86.261
52.236879 86.194
52.615409 86.123
52.996681 86.048
53.380717 85.968
53.767536 85.884
54.157158 85.796
54.549603 85.705
54.944892 85.611
55.343045 85.513
55.744084 85.413
56.148028 85.310
56.554900 85.205
56.964720 85.098
57.377510 84.990
57.793291 84.882
58.212085 84.773
58.633914 84.665
59.058799 84.559
59.486764 84.455
59.917829 84.355
60.352019 84.259
60.789354 84.170
61.229859 84.088
61.673556 84.015
62.120468 83.953
62.570618 83.902
63.024031 83.865
63.480729 83.841
63.940736 83.833
64.404077 83.840
64.870776 83.863
65.340856 83.902
65.814343 83.956
66.291261 84.025
66.771635 84.108
67.255489 84.202
67.742850 84.308
68.233743 84.423
68.728193 84.546
69.226226 84.675
69.727867 84.810
70.233144 84.947
70.742083 85.088
71.254709 85.229
71.771050 85.371
72.291132 85.513
72.814984 85.653
73.342631 85.792
73.874102 85.928
74.409424 86.062
74.948626 86.193
75.491734 86.321
76.038779 86.445
76.589787 86.566
77.144788 86.683
77.703811 86.797
78.266885 86.906
78.834039 87.012
79.405303 87.114
79.980706 87.212
80.560280 87.305
81.144053 87.394
81.732056 87.480
82.324320 87.560
82.920876 87.637
83.521755 87.709
84.126988 87.776
84.736607 87.838
85.350643 87.896
85.969129 87.948
86.592097 87.996
87.219579 88.038
87.851608 88.075
88.488217 88.106
89.129439 88.132
89.775308 88.152
90.425856 88.166
91.081119 88.175
91.741131 88.179
92.405925 88.177
93.075536 88.169
93.750000 88.157
94.429351 88.139
95.113625 88.118
95.802858 88.091
96.497085 88.061
97.196342 88.028
97.900667 87.991
98.610096 87.951
99.324665 87.909
100.044413 87.864
100.769376 87.818
101.499592 87.769
102.235100 87.719
102.975938 87.668
103.722144 87.615
104.473757 87.561
105.230817 87.505
105.993363 87.449
106.761435 87.392
107.535072 87.335
108.314315 87.277
109.099206 87.219
109.889783 87.161
110.686090 87.104
111.488167 87.048
112.296056 86.993
113.109800 86.941
113.929440 86.892
114.755020 86.846
115.586582 86.804
116.424170 86.768
117.267827 86.737
118.117598 86.712
118.973527 86.693
119.835658 86.682
120.704037 86.678
121.578708 86.682
122.459718 86.692
123.347111 86.711
124.240935 86.735
125.141236 86.767
126.048061 86.804
126.961458 86.845
127.881473 86.891
128.808154 86.941
129.741551 86.993
130.681712 87.046
131.628686 87.101
132.582521 87.155
133.543269 87.210
134.510979 87.263
135.485701 87.314
136.467486 87.363
137.456386 87.409
138.452451 87.451
139.455735 87.489
140.466288 87.521
141.484165 87.549
142.509418 87.570
143.542100 87.584
144.582265 87.591
145.629968 87.591
146.685262 87.582
147.748204 87.566
148.818849 87.542
149.897251 87.511
150.983469 87.472
152.077557 87.427
153.179574 87.378
154.289576 87.325
155.407622 87.270
156.533770 87.216
157.668078 87.164
158.810606 87.116
159.961413 87.075
161.120559 87.042
162.288105 87.020
163.464112 87.008
164.648640 87.007
165.841752 87.017
167.043510 87.037
168.253976 87.065
169.473213 87.100
170.701286 87.137
171.938258 87.175
173.184194 87.211
174.439158 87.243
175.703216 87.267
176.976434 87.283
178.258878 87.287
179.550615 87.279
180.851713 87.258
182.162239 87.223
183.482262 87.174
184.811850 87.112
186.151073 87.037
187.500000 86.949
188.858702 86.852
190.227250 86.745
191.605715 86.631
192.994169 86.513
194.392685 86.392
195.801334 86.271
197.220191 86.154
198.649330 86.043
200.088825 85.942
201.538751 85.854
202.999184 85.782
204.470200 85.729
205.951875 85.695
207.444287 85.683
208.947514 85.693
210.461634 85.725
211.986726 85.777
213.522869 85.849
215.070144 85.937
216.628631 86.040
218.198411 86.156
219.779567 86.281
221.372180 86.414
222.976334 86.552
224.592112 86.692
226.219600 86.833
227.858880 86.972
229.510039 87.106
231.173164 87.233
232.848340 87.352
234.535655 87.459
236.235197 87.552
237.947054 87.630
239.671317 87.690
241.408074 87.731
243.157416 87.752
244.919435 87.751
246.694223 87.727
248.481871 87.682
250.282473 87.614
252.096123 87.525
253.922915 87.415
255.762945 87.287
257.616309 87.143
259.483103 86.986
261.363424 86.818
263.257372 86.644
265.165043 86.469
267.086538 86.296
269.021957 86.130
270.971401 85.976
272.934972 85.838
274.912771 85.720
276.904902 85.623
278.911469 85.550
280.932577 85.501
282.968330 85.474
285.018835 85.468
287.084199 85.480
289.164530 85.508
291.259935 85.547
293.370525 85.593
295.496408 85.643
297.637697 85.693
299.794503 85.740
301.966937 85.782
304.155114 85.815
306.359147 85.839
308.579152 85.852
310.815244 85.854
313.067539 85.846
315.336156 85.827
317.621211 85.797
319.922826 85.758
322.241118 85.710
324.576210 85.653
326.928223 85.589
329.297280 85.519
331.683504 85.444
334.087019 85.365
336.507952 85.286
338.946427 85.207
341.402572 85.133
343.876516 85.065
346.368387 85.004
348.878315 84.953
351.406431 84.913
353.952867 84.883
356.517756 84.862
359.101230 84.850
361.703426 84.844
364.324478 84.844
366.964523 84.848
369.623699 84.855
372.302145 84.863
375.000000 84.871
377.717405 84.880
380.454501 84.888
383.211431 84.894
385.988339 84.897
388.785369 84.896
391.602668 84.891
394.440383 84.881
397.298660 84.865
400.177650 84.845
403.077502 84.822
405.998368 84.796
408.940400 84.770
411.903750 84.746
414.888575 84.726
417.895028 84.710
420.923268 84.700
423.973452 84.696
427.045738 84.699
430.140287 84.708
433.257261 84.725
436.396822 84.747
439.559133 84.777
442.744360 84.813
445.952668 84.856
449.184225 84.906
452.439199 84.962
455.717760 85.022
459.020079 85.084
462.346327 85.146
465.696680 85.206
469.071310 85.259
472.470394 85.304
475.894109 85.339
479.342634 85.360
482.816148 85.369
486.314833 85.364
489.838871 85.348
493.388445 85.322
496.963741 85.287
500.564945 85.248
504.192245 85.205
507.845830 85.161
511.525890 85.117
515.232618 85.075
518.966206 85.035
522.726849 84.998
526.514743 84.964
530.330086 84.935
534.173076 84.910
538.043915 84.892
541.942803 84.880
545.869944 84.873
549.825542 84.871
553.809805 84.873
557.822939 84.875
561.865154 84.876
565.936660 84.872
570.037671 84.860
574.168399 84.838
578.329060 84.805
582.519870 84.758
586.741049 84.699
590.992817 84.627
595.275394 84.546
599.589005 84.459
603.933874 84.369
608.310228 84.280
612.718295 84.197
617.158304 84.124
621.630488 84.063
626.135079 84.017
630.672311 83.985
635.242423 83.968
639.845651 83.963
644.482237 83.968
649.152421 83.980
653.856447 83.995
658.594560 84.010
663.367008 84.023
668.174039 84.030
673.015903 84.029
677.892854 84.019
682.805145 84.000
687.753032 83.972
692.736774 83.937
697.756631 83.895
702.812863 83.848
707.905735 83.799
713.035511 83.751
718.202461 83.704
723.406852 83.662
728.648956 83.626
733.929047 83.600
739.247399 83.586
744.604290 83.587
750.000000 83.606
755.434809 83.645
760.909001 83.705
766.422861 83.786
771.976677 83.884
777.570739 83.998
783.205337 84.123
788.880766 84.253
794.597321 84.383
800.355301 84.510
806.155005 84.630
811.996736 84.738
817.880799 84.834
823.807501 84.915
829.777150 84.980
835.790057 85.030
841.846536 85.064
847.946903 85.085
854.091476 85.092
860.280575 85.087
866.514523 85.072
872.793644 85.048
879.118267 85.017
885.488720 84.982
891.905336 84.943
898.368450 84.902
904.878398 84.860
911.435520 84.816
918.040157 84.770
924.692655 84.721
931.393359 84.669
938.142619 84.612
944.940787 84.550
951.788218 84.484
958.685268 84.416
965.632296 84.347
972.629666 84.280
979.677741 84.221
986.776890 84.171
993.927482 84.134
1001.129891 84.113
1008.384491 84.108
1015.691660 84.119
1023.051781 84.148
1030.465236 84.192
1037.932411 84.254
1045.453698 84.332
1053.029486 84.427
1060.660172 84.539
1068.346153 84.667
1076.087829 84.809
1083.885605 84.963
1091.739887 85.124
1099.651084 85.291
1107.619609 85.458
1115.645878 85.624
1123.730308 85.787
1131.873321 85.944
1140.075341 86.096
1148.336797 86.242
1156.658119 86.382
1165.039741 86.515
1173.482099 86.642
1181.985634 86.762
1190.550789 86.875
1199.178011 86.980
1207.867749 87.076
1216.620457 87.162
1225.436590 87.238
1234.316609 87.303
1243.260976 87.358
1252.270157 87.401
1261.344623 87.435
1270.484846 87.458
1279.691303 87.471
1288.964474 87.474
1298.304842 87.466
1307.712894 87.447
1317.189120 87.416
1326.734016 87.372
1336.348077 87.315
1346.031806 87.244
1355.785708 87.159
1365.610290 87.060
1375.506065 86.948
1385.473549 86.824
1395.513261 86.690
1405.625726 86.548
1415.811469 86.402
1426.071023 86.256
1436.404921 86.115
1446.813703 85.987
1457.297912 85.877
1467.858093 85.792
1478.494798 85.736
1489.208581 85.713
1500.000000 85.726
1510.869618 85.772
1521.818002 85.850
1532.845723 85.953
1543.953355 86.075
1555.141477 86.209
1566.410674 86.347
1577.761531 86.483
1589.194642 86.612
1600.710601 86.729
1612.310010 86.832
1623.993473 86.918
1635.761599 86.988
1647.615002 87.041
1659.554299 87.078
1671.580114 87.101
1683.693072 87.110
1695.893807 87.107
1708.182952 87.094
1720.561150 87.073
1733.029045 87.045
1745.587288 87.013
1758.236533 86.981
1770.977440 86.952
1783.810673 86.930
1796.736900 86.920
1809.756796 86.926
1822.871040 86.950
1836.080315 86.996
1849.385310 87.065
1862.786718 87.156
1876.285239 87.266
1889.881575 87.393
1903.576436 87.532
1917.370535 87.679
1931.264593 87.827
1945.259332 87.974
1959.355483 88.114
1973.553781 88.245
1987.854965 88.365
2002.259781 88.472
2016.768981 88.566
2031.383320 88.646
2046.103561 88.712
2060.930471 88.766
2075.864823 88.808
2090.907395 88.839
2106.058972 88.861
2121.320344 88.875
2136.692305 88.883
2152.175658 88.886
2167.771210 88.887
2183.479774 88.886
2199.302169 88.886
2215.239219 88.889
2231.291755 88.894
2247.460615 88.903
2263.746641 88.916
2280.150683 88.934
2296.673595 88.955
2313.316238 88.979
2330.079481 89.005
2346.964198 89.032
2363.971268 89.058
2381.101578 89.085
2398.356022 89.110
2415.735498 89.136
2433.240913 89.161
2450.873180 89.187
2468.633217 89.215
2486.521951 89.246
2504.540314 89.281
2522.689246 89.321
2540.969692 89.367
2559.382606 89.419
2577.928947 89.478
2596.609683 89.542
2615.425787 89.612
2634.378241 89.685
2653.468031 89.761
2672.696154 89.837
2692.063613 89.912
2711.571415 89.985
2731.220579 90.054
2751.012130 90.119
2770.947098 90.179
2791.026522 90.235
2811.251451 90.287
2831.622938 90.336
2852.142045 90.384
2872.809842 90.433
2893.627406 90.482
2914.595823 90.535
2935.716186 90.592
2956.989596 90.653
2978.417161 90.718
3000.000000 90.786
3021.739237 90.855
3043.636005 90.921
3065.691446 90.984
3087.906710 91.040
3110.282955 91.085
3132.821347 91.118
3155.523062 91.137
3178.389283 91.140
3201.421202 91.127
3224.620020 91.095
3247.986946 91.047
3271.523198 90.982
3295.230004 90.902
3319.108599 90.808
3343.160228 90.703
3367.386145 90.590
3391.787613 90.472
3416.365904 90.352
3441.122300 90.232
3466.058091 90.116
3491.174576 90.007
3516.473066 89.906
3541.954880 89.816
3567.621345 89.738
3593.473800 89.673
3619.513592 89.621
3645.742080 89.583
3672.160630 89.559
3698.770620 89.547
3725.573436 89.546
3752.570477 89.554
3779.763150 89.570
3807.152872 89.590
3834.741071 89.613
3862.529185 89.636
3890.518664 89.657
3918.710966 89.676
3947.107561 89.691
3975.709929 89.704
4004.519563 89.713
4033.537962 89.721
4062.766641 89.727
4092.207123 89.733
4121.860942 89.739
4151.729646 89.746
4181.814790 89.752
4212.117944 89.758
4242.640687 89.762
4273.384610 89.763
4304.351317 89.761
4335.542421 89.755
4366.959549 89.745
4398.604338 89.733
4430.478438 89.718
4462.583511 89.703
4494.921231 89.690
4527.493283 89.680
4560.301365 89.674
4593.347189 89.674
4626.632476 89.681
4660.158962 89.693
4693.928395 89.712
4727.942535 89.736
4762.203156 89.763
4796.712043 89.792
4831.470996 89.820
4866.481826 89.847
4901.746360 89.868
4937.266434 89.884
4973.043902 89.893
5009.080628 89.892
5045.378492 89.882
5081.939384 89.863
5118.765212 89.837
5155.857894 89.804
5193.219366 89.767
5230.851574 89.731
5268.756481 89.698
5306.936062 89.671
5345.392309 89.656
5384.127225 89.654
5423.142830 89.666
5462.441159 89.694
5502.024259 89.735
5541.894195 89.789
5582.053045 89.850
5622.502902 89.917
5663.245876 89.983
5704.284090 90.047
5745.619684 90.103
5787.254813 90.151
5829.191647 90.188
5871.432373 90.213
5913.979192 90.227
5956.834323 90.231
6000.000000 90.225
6043.478473 90.212
6087.272010 90.191
6131.382892 90.166
6175.813420 90.135
6220.565910 90.101
6265.642695 90.063
6311.046124 90.021
6356.778566 89.976
6402.842404 89.927
6449.240040 89.875
6495.973891 89.820
6543.046396 89.762
6590.460007 89.702
6638.217197 89.639
6686.320456 89.574
6734.772290 89.506
6783.575226 89.436
6832.731809 89.362
6882.244600 89.282
6932.116181 89.196
6982.349153 89.102
7032.946133 88.999
7083.909760 88.885
7135.242690 88.761
7186.947600 88.628
7239.027185 88.487
7291.484160 88.341
7344.321260 88.193
7397.541239 88.045
7451.146872 87.903
7505.140954 87.769
7559.526299 87.646
7614.305743 87.539
7669.482141 87.448
7725.058371 87.373
7781.037328 87.315
7837.421932 87.272
7894.215122 87.241
7951.419859 87.221
8009.039125 87.207
8067.075924 87.197
8125.533282 87.188
8184.414245 87.177
8243.721885 87.163
8303.459292 87.143
8363.629581 87.117
8424.235888 87.084
8485.281374 87.045
8546.769221 87.000
8608.702634 86.952
8671.084842 86.903
8733.919097 86.856
8797.208675 86.813
8860.956876 86.775
8925.167022 86.746
8989.842461 86.724
9054.986566 86.709
9120.602731 86.700
9186.694378 86.695
9253.264952 86.692
9320.317925 86.690
9387.856790 86.687
9455.885071 86.680
9524.406312 86.669
9593.424086 86.653
9662.941992 86.629
9732.963653 86.597
9803.492719 86.555
9874.532869 86.502
9946.087805 86.437
10018.161257 86.358
10090.756983 86.267
10163.878768 86.162
10237.530423 86.045
10311.715789 85.916
10386.438732 85.778
10461.703149 85.633
10537.512962 85.485
10613.872125 85.336
10690.784618 85.191
10768.254450 85.053
10846.285661 84.927
10924.882318 84.816
11004.048518 84.721
11083.788390 84.645
11164.106090 84.586
11245.005805 84.545
11326.491752 84.519
11408.568180 84.507
11491.239368 84.506
11574.509626 84.516
11658.383294 84.535
11742.864745 84.562
11827.958384 84.597
11913.668646 84.638
12000.000000 84.685
12086.956947 84.739
12174.544019 84.799
12262.765784 84.865
12351.626840 84.935
12441.131819 85.010
12531.285389 85.088
12622.092249 85.170
12713.557132 85.254
12805.684808 85.340
12898.480079 85.426
12991.947783 85.512
13086.092792 85.597
13180.920015 85.680
13276.434395 85.760
13372.640911 85.838
13469.544580 85.912
13567.150452 85.982
13665.463617 86.047
13764.489200 86.107
13864.232362 86.162
13964.698305 86.210
14065.892266 86.251
14167.819519 86.285
14270.485380 86.312
14373.895200 86.331
14478.054370 86.343
14582.968320 86.348
14688.642520 86.345
14795.082478 86.337
14902.293745 86.322
15010.281908 86.303
15119.052599 86.280
15228.611486 86.254
15338.964283 86.228
15450.116741 86.200
15562.074656 86.175
15674.843864 86.151
15788.430244 86.132
15902.839718 86.117
16018.078250 86.108
16134.151848 86.105
16251.066563 86.110
16368.828491 86.122
16487.443769 86.141
16606.918584 86.167
16727.259161 86.200
16848.471777 86.239
16970.562748 86.283
17093.538442 86.331
17217.405268 86.381
17342.169684 86.433
17467.838194 86.486
17594.417350 86.537
17721.913751 86.587
17850.334044 86.633
17979.684923 86.676
18109.973131 86.714
18241.205462 86.747
18373.388756 86.774
18506.529905 86.797
18640.635849 86.814
18775.713581 86.827
18911.770141 86.837
19048.812624 86.843
19186.848172 86.846
19325.883983 86.848
19465.927305 86.849
19606.985439 86.849
19749.065738 86.849
19892.175609 86.849
20036.322514 86.849
