0.366211 85.995
0.368865 85.995
0.371538 85.995
0.374230 85.995
0.376942 85.995
0.379673 85.995
0.382424 85.995
0.385196 85.995
0.387987 85.995
0.390798 85.995
0.393630 85.995
0.396483 85.995
0.399356 85.995
0.402250 85.995
0.405165 85.995
0.408101 85.995
0.411058 85.995
0.414037 85.995
0.417037 85.995
0.420059 85.995
0.423103 85.995
0.426169 85.995
0.429257 85.995
0.432368 85.995
0.435501 85.995
0.438656 85.995
0.441835 85.995
0.445037 85.995
0.448262 85.995
0.451510 85.995
0.454782 85.995
0.458077 85.995
0.461397 85.995
0.464740 85.995
0.468108 85.995
0.471500 85.995
0.474917 85.995
0.478358 85.995
0.481825 85.995
0.485316 85.995
0.488833 85.995
0.492375 85.995
0.495943 85.995
0.499537 85.995
0.503157 85.995
0.506803 85.995
0.510475 85.995
0.514175 85.995
0.517900 85.995
0.521653 85.995
0.525434 85.995
0.529241 85.995
0.533076 85.995
0.536939 85.995
0.540830 85.995
0.544749 85.995
0.548696 85.995
0.552673 85.995
0.556677 85.995
0.560711 85.995
0.564774 85.995
0.568867 85.995
0.572989 85.995
0.577141 85.995
0.581324 85.995
0.585536 85.995
0.589779 85.995
0.594053 85.995
0.598358 85.995
0.602694 85.995
0.607061 85.995
0.611460 85.995
0.615891 85.995
0.620354 85.995
0.624849 85.995
0.629377 85.995
0.633938 85.995
0.638532 85.995
0.643159 85.995
0.647819 85.995
0.652514 85.995
0.657242 85.995
0.662005 85.995
0.666802 85.995
0.671634 85.995
0.676501 85.995
0.681403 85.995
0.686341 85.995
0.691314 85.995
0.696324 85.995
0.701370 85.995
0.706452 85.995
0.711571 85.995
0.716728 85.995
0.721921 85.995
0.727153 85.995
0.732422 85.995
0.737729 85.995
0.743075 85.995
0.748460 85.995
0.753883 85.995
0.759346 85.995
0.764849 85.995
0.770391 85.995
0.775974 85.995
0.781597 85.995
0.787261 85.995
0.792966 85.995
0.798712 85.995
0.804500 85.995
0.810329 85.995
0.816201 85.995
0.822116 85.995
0.828073 85.995
0.834074 85.994
0.840118 85.994
0.846206 85.994
0.852338 85.994
0.858514 85.994
0.864735 85.994
0.871001 85.994
0.877313 85.994
0.883670 85.994
0.890074 85.994
0.896524 85.994
0.903020 85.994
0.909564 85.994
0.916155 85.994
0.922794 85.994
0.929481 85.994
0.936216 85.994
0.943000 85.994
0.949834 85.994
0.956717 85.994
0.963649 85.994
0.970632 85.994
0.977666 85.994
0.984750 85.994
0.991886 85.994
0.999074 85.994
1.006314 85.994
1.013606 85.994
1.020951 85.994
1.028349 85.994
1.035801 85.994
1.043307 85.994
1.050867 85.994
1.058482 85.994
1.066152 85.994
1.073878 85.994
1.081660 85.994
1.089498 85.994
1.097393 85.994
1.105345 85.994
1.113355 85.994
1.121423 85.994
1.129549 85.994
1.137734 85.994
1.145979 85.994
1.154283 85.994
1.162647 85.994
1.171072 85.994
1.179558 85.994
1.188106 85.994
1.196715 85.994
1.205387 85.994
1.214122 85.994
1.222920 85.994
1.231782 85.994
1.240708 85.994
1.249699 85.994
1.258754 85.994
1.267876 85.994
1.277063 85.994
1.286318 85.994
1.295639 85.994
1.305027 85.994
1.314484 85.994
1.324009 85.994
1.333604 85.994
1.343268 85.994
1.353002 85.994
1.362806 85.994
1.372681 85.994
1.382628 85.994
1.392647 85.994
1.402739 85.994
1.412904 85.994
1.423142 85.994
1.433455 85.994
1.443843 85.994
1.454305 85.994
1.464844 85.994
1.475459 85.994
1.486150 85.994
1.496920 85.994
1.507767 85.994
1.518693 85.994
1.529698 85.994
1.540783 85.994
1.551948 85.994
1.563194 85.994
1.574521 85.994
1.585931 85.994
1.597423 85.994
1.608999 85.994
1.620658 85.994
1.632402 85.994
1.644232 85.994
1.656146 85.994
1.668147 85.994
1.680235 85.994
1.692411 85.994
1.704675 85.994
1.717028 85.994
1.729470 85.994
1.742003 85.994
1.754626 85.994
1.767341 85.994
1.780147 85.994
1.793047 85.994
1.806040 85.994
1.819128 85.994
1.832310 85.994
1.845587 85.994
1.858961 85.994
1.872432 85.994
1.886001 85.994
1.899667 85.994
1.913433 85.994
1.927299 85.994
1.941265 85.994
1.955332 85.994
1.969501 85.994
1.983773 85.994
1.998148 85.994
2.012627 85.994
2.027212 85.994
2.041902 85.994
2.056698 85.994
2.071602 85.994
2.086614 85.994
2.101734 85.994
2.116964 85.994
2.132304 85.995
2.147756 85.995
2.163320 85.995
2.178996 85.995
2.194786 85.995
2.210690 85.995
2.226710 85.995
2.242845 85.995
2.259098 85.995
2.275468 85.995
2.291957 85.995
2.308566 85.995
2.325295 85.995
2.342145 85.994
2.359117 85.994
2.376212 85.994
2.393431 85.994
2.410775 85.994
2.428244 85.994
2.445840 85.994
2.463564 85.994
2.481416 85.994
2.499397 85.994
2.517509 85.994
2.535752 85.994
2.554127 85.994
2.572635 85.994
2.591277 85.994
2.610055 85.994
2.628968 85.994
2.648019 85.994
2.667208 85.994
2.686535 85.994
2.706003 85.994
2.725612 85.994
2.745363 85.994
2.765257 85.994
2.785295 85.994
2.805478 85.994
2.825808 85.994
2.846285 85.994
2.866910 85.994
2.887685 85.994
2.908611 85.994
2.929688 85.994
2.950917 85.994
2.972301 85.994
2.993839 85.994
3.015534 85.994
3.037386 85.994
3.059396 85.994
3.081565 85.994
3.103896 85.994
3.126388 85.994
3.149043 85.994
3.171862 85.994
3.194847 85.994
3.217998 85.994
3.241317 85.994
3.264805 85.994
3.288463 85.993
3.312293 85.993
3.336295 85.993
3.360471 85.993
3.384822 85.993
3.409350 85.993
3.434056 85.993
3.458940 85.993
3.484005 85.993
3.509252 85.993
3.534681 85.993
3.560295 85.993
3.586094 85.993
3.612081 85.993
3.638255 85.993
3.664620 85.993
3.691175 85.993
3.717923 85.993
3.744864 85.993
3.772001 85.993
3.799335 85.993
3.826866 85.993
3.854597 85.993
3.882529 85.993
3.910664 85.993
3.939002 85.992
3.967546 85.992
3.996296 85.992
4.025255 85.992
4.054423 85.992
4.083804 85.992
4.113396 85.992
4.143204 85.992
4.173227 85.992
4.203468 85.992
4.233928 85.992
4.264609 85.992
4.295512 85.992
4.326639 85.992
4.357992 85.992
4.389572 85.992
4.421380 85.992
4.453419 85.992
4.485691 85.992
4.518196 85.992
4.550936 85.992
4.583914 85.992
4.617131 85.992
4.650589 85.992
4.684289 85.992
4.718233 85.992
4.752424 85.991
4.786862 85.991
4.821549 85.991
4.856488 85.991
4.891680 85.991
4.927127 85.991
4.962831 85.991
4.998794 85.991
5.035017 85.991
5.071503 85.991
5.108253 85.991
5.145270 85.991
5.182555 85.991
5.220110 85.991
5.257937 85.991
5.296038 85.991
5.334415 85.991
5.373071 85.991
5.412006 85.991
5.451224 85.991
5.490725 85.990
5.530514 85.990
5.570590 85.990
5.610957 85.990
5.651616 85.990
5.692570 85.990
5.733821 85.990
5.775370 85.990
5.817221 85.990
5.859375 85.990
5.901834 85.990
5.944602 85.990
5.987679 85.990
6.031068 85.990
6.074771 85.989
6.118792 85.989
6.163131 85.989
6.207792 85.989
6.252776 85.989
6.298086 85.989
6.343725 85.989
6.389694 85.989
6.435996 85.989
6.482634 85.989
6.529610 85.989
6.576926 85.989
6.624585 85.988
6.672590 85.988
6.720942 85.988
6.769645 85.988
6.818700 85.988
6.868111 85.988
6.917881 85.988
6.968010 85.988
7.018504 85.988
7.069362 85.988
7.120590 85.987
7.172189 85.987
7.224161 85.987
7.276511 85.987
7.329239 85.987
7.382350 85.987
7.435845 85.987
7.489729 85.987
7.544002 85.986
7.598669 85.986
7.653732 85.986
7.709194 85.986
7.765058 85.986
7.821327 85.986
7.878004 85.986
7.935091 85.985
7.992592 85.985
8.050510 85.985
8.108847 85.985
8.167607 85.985
8.226793 85.985
8.286408 85.985
8.346454 85.984
8.406936 85.984
8.467856 85.984
8.529218 85.984
8.591024 85.984
8.653278 85.984
8.715983 85.983
8.779143 85.983
8.842760 85.983
8.906839 85.983
8.971381 85.983
9.036392 85.983
9.101873 85.982
9.167829 85.982
9.234263 85.982
9.301178 85.982
9.368578 85.982
9.436467 85.981
9.504847 85.981
9.573723 85.981
9.643099 85.981
9.712976 85.981
9.783361 85.980
9.854255 85.980
9.925663 85.980
9.997588 85.980
10.070035 85.979
10.143007 85.979
10.216507 85.979
10.290540 85.979
10.365109 85.979
10.440219 85.978
10.515873 85.978
10.592076 85.978
10.668830 85.978
10.746141 85.977
10.824012 85.977
10.902447 85.977
10.981451 85.977
11.061027 85.976
11.141180 85.976
11.221913 85.976
11.303232 85.975
11.385140 85.975
11.467641 85.975
11.550741 85.975
11.634442 85.974
11.718750 85.974
11.803669 85.974
11.889203 85.973
11.975357 85.973
12.062136 85.973
12.149543 85.973
12.237583 85.972
12.326262 85.972
12.415583 85.972
12.505552 85.971
12.596172 85.971
12.687449 85.971
12.779387 85.970
12.871992 85.970
12.965268 85.970
13.059220 85.969
13.153852 85.969
13.249170 85.969
13.345179 85.968
13.441884 85.968
13.539289 85.968
13.637401 85.967
13.736223 85.967
13.835761 85.966
13.936021 85.966
14.037007 85.966
14.138725 85.965
14.241180 85.965
14.344377 85.964
14.448323 85.964
14.553021 85.964
14.658478 85.963
14.764700 85.963
14.871691 85.962
14.979457 85.962
15.088005 85.961
15.197339 85.961
15.307465 85.960
15.418389 85.960
15.530117 85.960
15.642655 85.959
15.756008 85.959
15.870182 85.958
15.985184 85.958
16.101019 85.957
16.217694 85.956
16.335214 85.956
16.453586 85.955
16.572815 85.955
16.692909 85.954
16.813872 85.954
16.935713 85.953
17.058436 85.953
17.182048 85.952
17.306556 85.951
17.431967 85.951
17.558286 85.950
17.685521 85.950
17.813677 85.949
17.942762 85.948
18.072783 85.948
18.203746 85.947
18.335658 85.946
18.468526 85.946
18.602356 85.945
18.737156 85.944
18.872934 85.944
19.009695 85.943
19.147447 85.942
19.286197 85.942
19.425953 85.941
19.566721 85.940
19.708510 85.940
19.851326 85.939
19.995177 85.938
20.140070 85.937
20.286013 85.937
20.433014 85.936
20.581080 85.935
20.730219 85.934
20.880439 85.934
21.031747 85.933
21.184152 85.932
21.337661 85.931
21.492282 85.930
21.648024 85.929
21.804895 85.929
21.962902 85.928
22.122054 85.927
22.282360 85.926
22.443827 85.925
22.606464 85.924
22.770280 85.923
22.935283 85.922
23.101481 85.921
23.268884 85.920
23.437500 85.919
23.607338 85.918
23.778406 85.917
23.950714 85.916
24.124271 85.915
24.299086 85.914
24.475167 85.913
24.652524 85.912
24.831166 85.911
25.011103 85.910
25.192344 85.909
25.374898 85.908
25.558775 85.907
25.743984 85.906
25.930536 85.905
26.118439 85.903
26.307704 85.902
26.498341 85.901
26.690359 85.900
26.883768 85.899
27.078579 85.898
27.274801 85.896
27.472446 85.895
27.671522 85.894
27.872042 85.893
28.074014 85.891
28.277450 85.890
28.482360 85.889
28.688755 85.888
28.896645 85.886
29.106042 85.885
29.316957 85.884
29.529400 85.882
29.743382 85.881
29.958915 85.880
30.176009 85.878
30.394677 85.877
30.614929 85.875
30.836778 85.874
31.060234 85.873
31.285309 85.871
31.512015 85.870
31.740364 85.868
31.970368 85.867
32.202039 85.865
32.435388 85.864
32.670428 85.862
32.907171 85.861
33.145630 85.859
33.385817 85.858
33.627745 85.856
33.871425 85.855
34.116871 85.853
34.364096 85.851
34.613113 85.850
34.863934 85.848
35.116572 85.847
35.371041 85.845
35.627354 85.843
35.885525 85.842
36.145566 85.840
36.407492 85.838
36.671316 85.837
36.937051 85.835
37.204712 85.833
37.474313 85.832
37.745867 85.830
38.019389 85.828
38.294893 85.827
38.572394 85.825
38.851905 85.823
39.133442 85.821
39.417019 85.820
39.702651 85.818
39.990353 85.816
40.280140 85.814
40.572026 85.813
40.866028 85.811
41.162160 85.809
41.460438 85.807
41.760877 85.805
42.063494 85.804
42.368303 85.802
42.675322 85.800
42.984565 85.798
43.296048 85.796
43.609789 85.794
43.925804 85.793
44.244108 85.791
44.564719 85.789
44.887654 85.787
45.212928 85.785
45.540560 85.783
45.870565 85.782
46.202962 85.780
46.537768 85.778
46.875000 85.776
47.214676 85.774
47.556813 85.772
47.901429 85.771
48.248542 85.769
48.598171 85.767
48.950334 85.765
49.305048 85.763
49.662333 85.762
50.022206 85.760
50.384688 85.758
50.749796 85.756
51.117550 85.754
51.487969 85.753
51.861072 85.751
52.236879 85.749
52.615409 85.747
52.996681 85.746
53.380717 85.744
53.767536 85.742
54.157158 85.741
54.549603 85.739
54.944892 85.737
55.343045 85.736
55.744084 85.734
56.148028 85.732
56.554900 85.731
56.964720 85.729
57.377510 85.727
57.793291 85.726
58.212085 85.724
58.633914 85.723
59.058799 85.721
59.486764 85.720
59.917829 85.718
60.352019 85.717
60.789354 85.715
61.229859 85.714
61.673556 85.712
62.120468 85.711
62.570618 85.709
63.024031 85.708
63.480729 85.707
63.940736 85.705
64.404077 85.704
64.870776 85.703
65.340856 85.701
65.814343 85.700
66.291261 85.699
66.771635 85.698
67.255489 85.696
67.742850 85.695
68.233743 85.694
68.728193 85.693
69.226226 85.692
69.727867 85.691
70.233144 85.690
70.742083 85.689
71.254709 85.688
71.771050 85.686
72.291132 85.686
72.814984 85.685
73.342631 85.684
73.874102 85.683
74.409424 85.682
74.948626 85.681
75.491734 85.680
76.038779 85.679
76.589787 85.678
77.144788 85.677
77.703811 85.677
78.266885 85.676
78.834039 85.675
79.405303 85.674
79.980706 85.674
80.560280 85.673
81.144053 85.672
81.732056 85.671
82.324320 85.671
82.920876 85.670
83.521755 85.669
84.126988 85.669
84.736607 85.668
85.350643 85.667
85.969129 85.667
86.592097 85.666
87.219579 85.665
87.851608 85.665
88.488217 85.664
89.129439 85.664
89.775308 85.663
90.425856 85.662
91.081119 85.662
91.741131 85.661
92.405925 85.661
93.075536 85.660
93.750000 85.659
94.429351 85.659
95.113625 85.658
95.802858 85.657
96.497085 85.657
97.196342 85.656
97.900667 85.656
98.610096 85.655
99.324665 85.654
100.044413 85.654
100.769376 85.653
101.499592 85.652
102.235100 85.652
102.975938 85.651
103.722144 85.650
104.473757 85.649
105.230817 85.649
105.993363 85.648
106.761435 85.647
107.535072 85.646
108.314315 85.646
109.099206 85.645
109.889783 85.644
110.686090 85.643
111.488167 85.642
112.296056 85.642
113.109800 85.641
113.929440 85.640
114.755020 85.639
115.586582 85.638
116.424170 85.637
117.267827 85.637
118.117598 85.636
118.973527 85.635
119.835658 85.634
120.704037 85.633
121.578708 85.632
122.459718 85.631
123.347111 85.631
124.240935 85.630
125.141236 85.629
126.048061 85.628
126.961458 85.627
127.881473 85.627
128.808154 85.626
129.741551 85.625
130.681712 85.624
131.628686 85.623
132.582521 85.623
133.543269 85.622
134.510979 85.621
135.485701 85.620
136.467486 85.620
137.456386 85.619
138.452451 85.618
139.455735 85.618
140.466288 85.617
141.484165 85.617
142.509418 85.616
143.542100 85.615
144.582265 85.615
145.629968 85.614
146.685262 85.614
147.748204 85.613
148.818849 85.613
149.897251 85.612
150.983469 85.611
152.077557 85.611
153.179574 85.610
154.289576 85.610
155.407622 85.609
156.533770 85.608
157.668078 85.608
158.810606 85.607
159.961413 85.606
161.120559 85.605
162.288105 85.605
163.464112 85.604
164.648640 85.603
165.841752 85.601
167.043510 85.600
168.253976 85.599
169.473213 85.598
170.701286 85.596
171.938258 85.594
173.184194 85.593
174.439158 85.591
175.703216 85.589
176.976434 85.587
178.258878 85.584
179.550615 85.582
180.851713 85.579
182.162239 85.577
183.482262 85.574
184.811850 85.571
186.151073 85.567
187.500000 85.564
188.858702 85.560
190.227250 85.556
191.605715 85.552
192.994169 85.548
194.392685 85.544
195.801334 85.540
197.220191 85.535
198.649330 85.530
200.088825 85.525
201.538751 85.520
202.999184 85.515
204.470200 85.510
205.951875 85.505
207.444287 85.499
208.947514 85.494
210.461634 85.488
211.986726 85.483
213.522869 85.477
215.070144 85.472
216.628631 85.466
218.198411 85.461
219.779567 85.456
221.372180 85.451
222.976334 85.446
224.592112 85.441
226.219600 85.436
227.858880 85.431
229.510039 85.427
231.173164 85.423
232.848340 85.419
234.535655 85.415
236.235197 85.412
237.947054 85.409
239.671317 85.406
241.408074 85.404
243.157416 85.401
244.919435 85.399
246.694223 85.398
248.481871 85.396
250.282473 85.395
252.096123 85.394
253.922915 85.393
255.762945 85.393
257.616309 85.392
259.483103 85.392
261.363424 85.392
263.257372 85.392
265.165043 85.392
267.086538 85.392
269.021957 85.392
270.971401 85.392
272.934972 85.392
274.912771 85.391
276.904902 85.391
278.911469 85.390
280.932577 85.389
282.968330 85.388
285.018835 85.386
287.084199 85.384
289.164530 85.382
291.259935 85.380
293.370525 85.377
295.496408 85.374
297.637697 85.370
299.794503 85.366
301.966937 85.362
304.155114 85.357
306.359147 85.352
308.579152 85.346
310.815244 85.341
313.067539 85.335
315.336156 85.329
317.621211 85.322
319.922826 85.316
322.241118 85.309
324.576210 85.302
326.928223 85.295
329.297280 85.288
331.683504 85.281
334.087019 85.274
336.507952 85.267
338.946427 85.259
341.402572 85.251
343.876516 85.244
346.368387 85.235
348.878315 85.227
351.406431 85.218
353.952867 85.209
356.517756 85.199
359.101230 85.189
361.703426 85.177
364.324478 85.165
366.964523 85.152
369.623699 85.138
372.302145 85.123
375.000000 85.107
377.717405 85.089
380.454501 85.070
383.211431 85.050
385.988339 85.028
388.785369 85.005
391.602668 84.981
394.440383 84.955
397.298660 84.928
400.177650 84.900
403.077502 84.871
405.998368 84.842
408.940400 84.811
411.903750 84.781
414.888575 84.750
417.895028 84.719
420.923268 84.688
423.973452 84.658
427.045738 84.628
430.140287 84.599
433.257261 84.572
436.396822 84.545
439.559133 84.520
442.744360 84.497
445.952668 84.475
449.184225 84.454
452.439199 84.435
455.717760 84.417
459.020079 84.400
462.346327 84.384
465.696680 84.368
469.071310 84.353
472.470394 84.338
475.894109 84.322
479.342634 84.306
482.816148 84.288
486.314833 84.269
489.838871 84.247
493.388445 84.224
496.963741 84.197
500.564945 84.168
504.192245 84.135
507.845830 84.099
511.525890 84.059
515.232618 84.015
518.966206 83.967
522.726849 83.914
526.514743 83.858
530.330086 83.797
534.173076 83.732
538.043915 83.663
541.942803 83.590
545.869944 83.513
549.825542 83.433
553.809805 83.349
557.822939 83.263
561.865154 83.175
565.936660 83.084
570.037671 82.992
574.168399 82.898
578.329060 82.804
582.519870 82.710
586.741049 82.616
590.992817 82.524
595.275394 82.432
599.589005 82.343
603.933874 82.256
608.310228 82.173
612.718295 82.092
617.158304 82.015
621.630488 81.941
626.135079 81.872
630.672311 81.806
635.242423 81.745
639.845651 81.687
644.482237 81.632
649.152421 81.581
653.856447 81.532
658.594560 81.486
663.367008 81.443
668.174039 81.401
673.015903 81.361
677.892854 81.321
682.805145 81.283
687.753032 81.245
692.736774 81.208
697.756631 81.172
702.812863 81.135
707.905735 81.100
713.035511 81.065
718.202461 81.031
723.406852 80.998
728.648956 80.967
733.929047 80.938
739.247399 80.910
744.604290 80.886
750.000000 80.864
755.434809 80.845
760.909001 80.829
766.422861 80.817
771.976677 80.808
777.570739 80.802
783.205337 80.800
788.880766 80.800
794.597321 80.803
800.355301 80.808
806.155005 80.816
811.996736 80.825
817.880799 80.836
823.807501 80.848
829.777150 80.860
835.790057 80.874
841.846536 80.887
847.946903 80.900
854.091476 80.914
860.280575 80.927
866.514523 80.939
872.793644 80.952
879.118267 80.964
885.488720 80.976
891.905336 80.987
898.368450 80.999
904.878398 81.010
911.435520 81.021
918.040157 81.033
924.692655 81.044
931.393359 81.055
938.142619 81.067
944.940787 81.079
951.788218 81.090
958.685268 81.102
965.632296 81.114
972.629666 81.125
979.677741 81.136
986.776890 81.146
993.927482 81.156
1001.129891 81.166
1008.384491 81.175
1015.691660 81.183
1023.051781 81.191
1030.465236 81.198
1037.932411 81.205
1045.453698 81.211
1053.029486 81.217
1060.660172 81.223
1068.346153 81.228
1076.087829 81.234
1083.885605 81.239
1091.739887 81.244
1099.651084 81.249
1107.619609 81.253
1115.645878 81.258
1123.730308 81.262
1131.873321 81.266
1140.075341 81.270
1148.336797 81.273
1156.658119 81.276
1165.039741 81.279
1173.482099 81.281
1181.985634 81.284
1190.550789 81.285
1199.178011 81.287
1207.867749 81.289
1216.620457 81.290
1225.436590 81.291
1234.316609 81.292
1243.260976 81.294
1252.270157 81.295
1261.344623 81.296
1270.484846 81.298
1279.691303 81.301
1288.964474 81.304
1298.304842 81.307
1307.712894 81.312
1317.189120 81.318
1326.734016 81.325
1336.348077 81.334
1346.031806 81.344
1355.785708 81.356
1365.610290 81.370
1375.506065 81.387
1385.473549 81.406
1395.513261 81.427
1405.625726 81.451
1415.811469 81.477
1426.071023 81.506
1436.404921 81.538
1446.813703 81.571
1457.297912 81.607
1467.858093 81.644
1478.494798 81.683
1489.208581 81.722
1500.000000 81.762
1510.869618 81.802
1521.818002 81.842
1532.845723 81.881
1543.953355 81.919
1555.141477 81.956
1566.410674 81.991
1577.761531 82.026
1589.194642 82.059
1600.710601 82.091
1612.310010 82.123
1623.993473 82.156
1635.761599 82.189
1647.615002 82.224
1659.554299 82.261
1671.580114 82.303
1683.693072 82.349
1695.893807 82.401
1708.182952 82.461
1720.561150 82.528
1733.029045 82.603
1745.587288 82.688
1758.236533 82.781
1770.977440 82.884
1783.810673 82.995
1796.736900 83.113
1809.756796 83.238
1822.871040 83.367
1836.080315 83.499
1849.385310 83.633
1862.786718 83.766
1876.285239 83.897
1889.881575 84.024
1903.576436 84.146
1917.370535 84.262
1931.264593 84.372
1945.259332 84.474
1959.355483 84.569
1973.553781 84.657
1987.854965 84.739
2002.259781 84.814
2016.768981 84.884
2031.383320 84.950
2046.103561 85.013
2060.930471 85.074
2075.864823 85.135
2090.907395 85.196
2106.058972 85.259
2121.320344 85.323
2136.692305 85.391
2152.175658 85.461
2167.771210 85.535
2183.479774 85.611
2199.302169 85.690
2215.239219 85.770
2231.291755 85.851
2247.460615 85.931
2263.746641 86.011
2280.150683 86.088
2296.673595 86.162
2313.316238 86.233
2330.079481 86.300
2346.964198 86.362
2363.971268 86.420
2381.101578 86.473
2398.356022 86.523
2415.735498 86.568
2433.240913 86.611
2450.873180 86.652
2468.633217 86.690
2486.521951 86.727
2504.540314 86.763
2522.689246 86.799
2540.969692 86.835
2559.382606 86.871
2577.928947 86.906
2596.609683 86.942
2615.425787 86.978
2634.378241 87.013
2653.468031 87.048
2672.696154 87.081
2692.063613 87.114
2711.571415 87.145
2731.220579 87.175
2751.012130 87.204
2770.947098 87.232
2791.026522 87.259
2811.251451 87.285
2831.622938 87.310
2852.142045 87.335
2872.809842 87.360
2893.627406 87.386
2914.595823 87.411
2935.716186 87.437
2956.989596 87.463
2978.417161 87.489
3000.000000 87.515
3021.739237 87.542
3043.636005 87.567
3065.691446 87.593
3087.906710 87.618
3110.282955 87.642
3132.821347 87.666
3155.523062 87.689
3178.389283 87.712
3201.421202 87.735
3224.620020 87.757
3247.986946 87.780
3271.523198 87.802
3295.230004 87.824
3319.108599 87.847
3343.160228 87.869
3367.386145 87.891
3391.787613 87.912
3416.365904 87.933
3441.122300 87.953
3466.058091 87.972
3491.174576 87.990
3516.473066 88.006
3541.954880 88.022
3567.621345 88.036
3593.473800 88.049
3619.513592 88.060
3645.742080 88.071
3672.160630 88.080
3698.770620 88.088
3725.573436 88.096
3752.570477 88.102
3779.763150 88.107
3807.152872 88.110
3834.741071 88.113
3862.529185 88.114
3890.518664 88.114
3918.710966 88.112
3947.107561 88.109
3975.709929 88.104
4004.519563 88.097
4033.537962 88.089
4062.766641 88.080
4092.207123 88.069
4121.860942 88.057
4151.729646 88.043
4181.814790 88.028
4212.117944 88.012
4242.640687 87.994
4273.384610 87.976
4304.351317 87.956
4335.542421 87.935
4366.959549 87.912
4398.604338 87.889
4430.478438 87.864
4462.583511 87.839
4494.921231 87.812
4527.493283 87.785
4560.301365 87.758
4593.347189 87.730
4626.632476 87.701
4660.158962 87.672
4693.928395 87.643
4727.942535 87.614
4762.203156 87.584
4796.712043 87.554
4831.470996 87.524
4866.481826 87.493
4901.746360 87.461
4937.266434 87.429
4973.043902 87.395
5009.080628 87.361
5045.378492 87.325
5081.939384 87.288
5118.765212 87.250
5155.857894 87.210
5193.219366 87.168
5230.851574 87.125
5268.756481 87.080
5306.936062 87.033
5345.392309 86.985
5384.127225 86.934
5423.142830 86.882
5462.441159 86.827
5502.024259 86.771
5541.894195 86.712
5582.053045 86.651
5622.502902 86.587
5663.245876 86.521
5704.284090 86.452
5745.619684 86.381
5787.254813 86.307
5829.191647 86.229
5871.432373 86.149
5913.979192 86.064
5956.834323 85.976
6000.000000 85.885
6043.478473 85.788
6087.272010 85.688
6131.382892 85.583
6175.813420 85.473
6220.565910 85.358
6265.642695 85.238
6311.046124 85.114
6356.778566 84.984
6402.842404 84.849
6449.240040 84.710
6495.973891 84.566
6543.046396 84.418
6590.460007 84.267
6638.217197 84.114
6686.320456 83.957
6734.772290 83.800
6783.575226 83.641
6832.731809 83.483
6882.244600 83.326
6932.116181 83.171
6982.349153 83.020
7032.946133 82.873
7083.909760 82.731
7135.242690 82.597
7186.947600 82.470
7239.027185 82.352
7291.484160 82.244
7344.321260 82.147
7397.541239 82.062
7451.146872 81.989
7505.140954 81.928
7559.526299 81.881
7614.305743 81.847
7669.482141 81.826
7725.058371 81.819
7781.037328 81.824
7837.421932 81.842
7894.215122 81.871
7951.419859 81.911
8009.039125 81.961
8067.075924 82.020
8125.533282 82.087
8184.414245 82.162
8243.721885 82.242
8303.459292 82.328
8363.629581 82.417
8424.235888 82.509
8485.281374 82.603
8546.769221 82.698
8608.702634 82.792
8671.084842 82.885
8733.919097 82.976
8797.208675 83.064
8860.956876 83.149
8925.167022 83.229
8989.842461 83.305
9054.986566 83.375
9120.602731 83.440
9186.694378 83.499
9253.264952 83.553
9320.317925 83.600
9387.856790 83.641
9455.885071 83.677
9524.406312 83.707
9593.424086 83.731
9662.941992 83.751
9732.963653 83.766
9803.492719 83.777
9874.532869 83.785
9946.087805 83.790
10018.161257 83.791
10090.756983 83.791
10163.878768 83.788
10237.530423 83.783
10311.715789 83.777
10386.438732 83.768
10461.703149 83.758
10537.512962 83.746
10613.872125 83.732
10690.784618 83.716
10768.254450 83.699
10846.285661 83.681
10924.882318 83.663
11004.048518 83.646
11083.788390 83.631
11164.106090 83.620
11245.005805 83.616
11326.491752 83.619
11408.568180 83.633
11491.239368 83.659
11574.509626 83.700
11658.383294 83.756
11742.864745 83.829
11827.958384 83.919
11913.668646 84.025
12000.000000 84.147
12086.956947 84.284
12174.544019 84.434
12262.765784 84.594
12351.626840 84.764
12441.131819 84.939
12531.285389 85.119
12622.092249 85.302
12713.557132 85.484
12805.684808 85.665
12898.480079 85.842
12991.947783 86.014
13086.092792 86.179
13180.920015 86.337
13276.434395 86.484
13372.640911 86.621
13469.544580 86.746
13567.150452 86.859
13665.463617 86.958
13764.489200 87.042
13864.232362 87.111
13964.698305 87.164
14065.892266 87.200
14167.819519 87.220
14270.485380 87.221
14373.895200 87.204
14478.054370 87.168
14582.968320 87.114
14688.642520 87.040
14795.082478 86.946
14902.293745 86.834
15010.281908 86.703
15119.052599 86.555
15228.611486 86.391
15338.964283 86.212
15450.116741 86.021
15562.074656 85.822
15674.843864 85.618
15788.430244 85.413
15902.839718 85.214
16018.078250 85.026
16134.151848 84.855
16251.066563 84.706
16368.828491 84.583
16487.443769 84.491
16606.918584 84.429
16727.259161 84.398
16848.471777 84.395
16970.562748 84.416
17093.538442 84.456
17217.405268 84.511
17342.169684 84.574
17467.838194 84.641
17594.417350 84.709
17721.913751 84.774
17850.334044 84.834
17979.684923 84.888
18109.973131 84.934
18241.205462 84.972
18373.388756 85.003
18506.529905 85.026
18640.635849 85.043
18775.713581 85.055
18911.770141 85.063
19048.812624 85.068
19186.848172 85.071
19325.883983 85.072
19465.927305 85.072
19606.985439 85.073
19749.065738 85.073
19892.175609 85.073
20036.322514 85.073
