0.366211 87.948
0.368865 87.948
0.371538 87.948
0.374230 87.948
0.376942 87.948
0.379673 87.948
0.382424 87.948
0.385196 87.948
0.387987 87.948
0.390798 87.949
0.393630 87.949
0.396483 87.949
0.399356 87.949
0.402250 87.949
0.405165 87.949
0.408101 87.949
0.411058 87.950
0.414037 87.950
0.417037 87.950
0.420059 87.950
0.423103 87.950
0.426169 87.950
0.429257 87.951
0.432368 87.951
0.435501 87.951
0.438656 87.951
0.441835 87.951
0.445037 87.951
0.448262 87.952
0.451510 87.952
0.454782 87.952
0.458077 87.952
0.461397 87.952
0.464740 87.953
0.468108 87.953
0.471500 87.953
0.474917 87.953
0.478358 87.953
0.481825 87.954
0.485316 87.954
0.488833 87.954
0.492375 87.954
0.495943 87.954
0.499537 87.955
0.503157 87.955
0.506803 87.955
0.510475 87.955
0.514175 87.955
0.517900 87.956
0.521653 87.956
0.525434 87.956
0.529241 87.956
0.533076 87.956
0.536939 87.957
0.540830 87.957
0.544749 87.957
0.548696 87.957
0.552673 87.958
0.556677 87.958
0.560711 87.958
0.564774 87.958
0.568867 87.959
0.572989 87.959
0.577141 87.959
0.581324 87.959
0.585536 87.960
0.589779 87.960
0.594053 87.960
0.598358 87.960
0.602694 87.961
0.607061 87.961
0.611460 87.961
0.615891 87.961
0.620354 87.962
0.624849 87.962
0.629377 87.962
0.633938 87.962
0.638532 87.963
0.643159 87.963
0.647819 87.963
0.652514 87.963
0.657242 87.964
0.662005 87.964
0.666802 87.964
0.671634 87.965
0.676501 87.965
0.681403 87.965
0.686341 87.966
0.691314 87.966
0.696324 87.966
0.701370 87.966
0.706452 87.967
0.711571 87.967
0.716728 87.967
0.721921 87.968
0.727153 87.968
0.732422 87.969
0.737729 87.969
0.743075 87.969
0.748460 87.970
0.753883 87.970
0.759346 87.970
0.764849 87.971
0.770391 87.971
0.775974 87.972
0.781597 87.972
0.787261 87.972
0.792966 87.973
0.798712 87.973
0.804500 87.974
0.810329 87.974
0.816201 87.975
0.822116 87.975
0.828073 87.975
0.834074 87.976
0.840118 87.976
0.846206 87.977
0.852338 87.977
0.858514 87.978
0.864735 87.978
0.871001 87.979
0.877313 87.979
0.883670 87.980
0.890074 87.980
0.896524 87.981
0.903020 87.981
0.909564 87.982
0.916155 87.982
0.922794 87.983
0.929481 87.983
0.936216 87.984
0.943000 87.984
0.949834 87.985
0.956717 87.986
0.963649 87.986
0.970632 87.987
0.977666 87.987
0.984750 87.988
0.991886 87.988
0.999074 87.989
1.006314 87.990
1.013606 87.990
1.020951 87.991
1.028349 87.991
1.035801 87.992
1.043307 87.993
1.050867 87.993
1.058482 87.994
1.066152 87.994
1.073878 87.995
1.081660 87.996
1.089498 87.996
1.097393 87.997
1.105345 87.998
1.113355 87.998
1.121423 87.999
1.129549 88.000
1.137734 88.000
1.145979 88.001
1.154283 88.002
1.162647 88.002
1.171072 88.003
1.179558 88.004
1.188106 88.004
1.196715 88.005
1.205387 88.006
1.214122 88.006
1.222920 88.007
1.231782 88.008
1.240708 88.008
1.249699 88.009
1.258754 88.010
1.267876 88.010
1.277063 88.011
1.286318 88.012
1.295639 88.013
1.305027 88.013
1.314484 88.014
1.324009 88.015
1.333604 88.015
1.343268 88.016
1.353002 88.017
1.362806 88.018
1.372681 88.018
1.382628 88.019
1.392647 88.020
1.402739 88.020
1.412904 88.021
1.423142 88.022
1.433455 88.022
1.443843 88.023
1.454305 88.024
1.464844 88.025
1.475459 88.025
1.486150 88.026
1.496920 88.027
1.507767 88.027
1.518693 88.028
1.529698 88.029
1.540783 88.029
1.551948 88.030
1.563194 88.031
1.574521 88.031
1.585931 88.032
1.597423 88.032
1.608999 88.033
1.620658 88.034
1.632402 88.034
1.644232 88.035
1.656146 88.035
1.668147 88.036
1.680235 88.036
1.692411 88.037
1.704675 88.037
1.717028 88.038
1.729470 88.038
1.742003 88.039
1.754626 88.039
1.767341 88.040
1.780147 88.040
1.793047 88.041
1.806040 88.041
1.819128 88.041
1.832310 88.042
1.845587 88.042
1.858961 88.042
1.872432 88.043
1.886001 88.043
1.899667 88.043
1.913433 88.043
1.927299 88.043
1.941265 88.044
1.955332 88.044
1.969501 88.044
1.983773 88.044
1.998148 88.044
2.012627 88.044
2.027212 88.044
2.041902 88.044
2.056698 88.044
2.071602 88.043
2.086614 88.043
2.101734 88.043
2.116964 88.043
2.132304 88.042
2.147756 88.042
2.163320 88.042
2.178996 88.041
2.194786 88.041
2.210690 88.040
2.226710 88.039
2.242845 88.039
2.259098 88.038
2.275468 88.037
2.291957 88.036
2.308566 88.036
2.325295 88.035
2.342145 88.034
2.359117 88.033
2.376212 88.032
2.393431 88.030
2.410775 88.029
2.428244 88.028
2.445840 88.026
2.463564 88.025
2.481416 88.023
2.499397 88.022
2.517509 88.020
2.535752 88.018
2.554127 88.017
2.572635 88.015
2.591277 88.013
2.610055 88.011
2.628968 88.008
2.648019 88.006
2.667208 88.004
2.686535 88.001
2.706003 87.999
2.725612 87.996
2.745363 87.994
2.765257 87.991
2.785295 87.988
2.805478 87.985
2.825808 87.982
2.846285 87.979
2.866910 87.975
2.887685 87.972
2.908611 87.968
2.929688 87.965
2.950917 87.961
2.972301 87.957
2.993839 87.953
3.015534 87.949
3.037386 87.945
3.059396 87.941
3.081565 87.936
3.103896 87.932
3.126388 87.927
3.149043 87.922
3.171862 87.917
3.194847 87.912
3.217998 87.907
3.241317 87.902
3.264805 87.896
3.288463 87.890
3.312293 87.885
3.336295 87.879
3.360471 87.873
3.384822 87.867
3.409350 87.860
3.434056 87.854
3.458940 87.847
3.484005 87.841
3.509252 87.834
3.534681 87.827
3.560295 87.819
3.586094 87.812
3.612081 87.805
3.638255 87.797
3.664620 87.789
3.691175 87.781
3.717923 87.773
3.744864 87.765
3.772001 87.757
3.799335 87.748
3.826866 87.739
3.854597 87.731
3.882529 87.722
3.910664 87.712
3.939002 87.703
3.967546 87.694
3.996296 87.684
4.025255 87.674
4.054423 87.664
4.083804 87.654
4.113396 87.644
4.143204 87.633
4.173227 87.623
4.203468 87.612
4.233928 87.601
4.264609 87.590
4.295512 87.579
4.326639 87.568
4.357992 87.556
4.389572 87.545
4.421380 87.533
4.453419 87.521
4.485691 87.509
4.518196 87.497
4.550936 87.485
4.583914 87.472
4.617131 87.459
4.650589 87.447
4.684289 87.434
4.718233 87.421
4.752424 87.408
4.786862 87.394
4.821549 87.381
4.856488 87.367
4.891680 87.354
4.927127 87.340
4.962831 87.326
4.998794 87.312
5.035017 87.297
5.071503 87.283
5.108253 87.269
5.145270 87.254
5.182555 87.239
5.220110 87.225
5.257937 87.210
5.296038 87.195
5.334415 87.180
5.373071 87.164
5.412006 87.149
5.451224 87.134
5.490725 87.118
5.530514 87.103
5.570590 87.087
5.610957 87.071
5.651616 87.055
5.692570 87.039
5.733821 87.023
5.775370 87.007
5.817221 86.991
5.859375 86.975
5.901834 86.958
5.944602 86.942
5.987679 86.925
6.031068 86.909
6.074771 86.892
6.118792 86.875
6.163131 86.859
6.207792 86.842
6.252776 86.825
6.298086 86.808
6.343725 86.791
6.389694 86.774
6.435996 86.757
6.482634 86.740
6.529610 86.723
6.576926 86.706
6.624585 86.689
6.672590 86.672
6.720942 86.655
6.769645 86.638
6.818700 86.621
6.868111 86.603
6.917881 86.586
6.968010 86.569
7.018504 86.552
7.069362 86.535
7.120590 86.518
7.172189 86.502
7.224161 86.485
7.276511 86.468
7.329239 86.451
7.382350 86.435
7.435845 86.418
7.489729 86.402
7.544002 86.386
7.598669 86.370
7.653732 86.354
7.709194 86.338
7.765058 86.322
7.821327 86.307
7.878004 86.292
7.935091 86.277
7.992592 86.262
8.050510 86.248
8.108847 86.233
8.167607 86.219
8.226793 86.206
8.286408 86.193
8.346454 86.180
8.406936 86.167
8.467856 86.155
8.529218 86.143
8.591024 86.132
8.653278 86.121
8.715983 86.111
8.779143 86.101
8.842760 86.092
8.906839 86.083
8.971381 86.075
9.036392 86.068
9.101873 86.061
9.167829 86.055
9.234263 86.049
9.301178 86.045
9.368578 86.040
9.436467 86.037
9.504847 86.035
9.573723 86.033
9.643099 86.032
9.712976 86.032
9.783361 86.032
9.854255 86.034
9.925663 86.036
9.997588 86.039
10.070035 86.043
10.143007 86.048
10.216507 86.053
10.290540 86.060
10.365109 86.067
10.440219 86.075
10.515873 86.084
10.592076 86.093
10.668830 86.104
10.746141 86.115
10.824012 86.126
10.902447 86.139
10.981451 86.151
11.061027 86.165
11.141180 86.179
11.221913 86.193
11.303232 86.208
11.385140 86.223
11.467641 86.239
11.550741 86.255
11.634442 86.271
11.718750 86.287
11.803669 86.303
11.889203 86.319
11.975357 86.335
12.062136 86.352
12.149543 86.368
12.237583 86.383
12.326262 86.399
12.415583 86.414
12.505552 86.429
12.596172 86.444
12.687449 86.458
12.779387 86.471
12.871992 86.484
12.965268 86.497
13.059220 86.509
13.153852 86.520
13.249170 86.530
13.345179 86.540
13.441884 86.549
13.539289 86.557
13.637401 86.565
13.736223 86.571
13.835761 86.577
13.936021 86.582
14.037007 86.586
14.138725 86.589
14.241180 86.591
14.344377 86.593
14.448323 86.593
14.553021 86.593
14.658478 86.592
14.764700 86.590
14.871691 86.588
14.979457 86.584
15.088005 86.580
15.197339 86.575
15.307465 86.569
15.418389 86.563
15.530117 86.556
15.642655 86.549
15.756008 86.541
15.870182 86.533
15.985184 86.524
16.101019 86.515
16.217694 86.505
16.335214 86.496
16.453586 86.486
16.572815 86.476
16.692909 86.466
16.813872 86.456
16.935713 86.446
17.058436 86.436
17.182048 86.427
17.306556 86.417
17.431967 86.408
17.558286 86.400
17.685521 86.392
17.813677 86.384
17.942762 86.377
18.072783 86.371
18.203746 86.365
18.335658 86.360
18.468526 86.355
18.602356 86.352
18.737156 86.349
18.872934 86.346
19.009695 86.345
19.147447 86.344
19.286197 86.344
19.425953 86.345
19.566721 86.346
19.708510 86.348
19.851326 86.351
19.995177 86.355
20.140070 86.360
20.286013 86.365
20.433014 86.370
20.581080 86.377
20.730219 86.384
20.880439 86.392
21.031747 86.400
21.184152 86.410
21.337661 86.420
21.492282 86.430
21.648024 86.441
21.804895 86.453
21.962902 86.466
22.122054 86.480
22.282360 86.494
22.443827 86.509
22.606464 86.525
22.770280 86.541
22.935283 86.559
23.101481 86.577
23.268884 86.596
23.437500 86.616
23.607338 86.636
23.778406 86.658
23.950714 86.680
24.124271 86.703
24.299086 86.727
24.475167 86.752
24.652524 86.777
24.831166 86.803
25.011103 86.829
25.192344 86.856
25.374898 86.884
25.558775 86.912
25.743984 86.940
25.930536 86.969
26.118439 86.997
26.307704 87.027
26.498341 87.056
26.690359 87.085
26.883768 87.114
27.078579 87.143
27.274801 87.172
27.472446 87.201
27.671522 87.229
27.872042 87.257
28.074014 87.284
28.277450 87.310
28.482360 87.336
28.688755 87.360
28.896645 87.384
29.106042 87.406
29.316957 87.427
29.529400 87.447
29.743382 87.464
29.958915 87.480
30.176009 87.494
30.394677 87.506
30.614929 87.516
30.836778 87.523
31.060234 87.528
31.285309 87.530
31.512015 87.529
31.740364 87.526
31.970368 87.519
32.202039 87.508
32.435388 87.495
32.670428 87.478
32.907171 87.458
33.145630 87.434
33.385817 87.406
33.627745 87.375
33.871425 87.341
34.116871 87.303
34.364096 87.263
34.613113 87.218
34.863934 87.172
35.116572 87.122
35.371041 87.070
35.627354 87.016
35.885525 86.960
36.145566 86.903
36.407492 86.846
36.671316 86.787
36.937051 86.729
37.204712 86.671
37.474313 86.615
37.745867 86.560
38.019389 86.507
38.294893 86.457
38.572394 86.410
38.851905 86.367
39.133442 86.327
39.417019 86.292
39.702651 86.261
39.990353 86.235
40.280140 86.213
40.572026 86.196
40.866028 86.184
41.162160 86.175
41.460438 86.171
41.760877 86.171
42.063494 86.174
42.368303 86.180
42.675322 86.188
42.984565 86.199
43.296048 86.210
43.609789 86.223
43.925804 86.236
44.244108 86.249
44.564719 86.262
44.887654 86.273
45.212928 86.284
45.540560 86.292
45.870565 86.299
46.202962 86.303
46.537768 86.305
46.875000 86.304
47.214676 86.300
47.556813 86.293
47.901429 86.283
48.248542 86.270
48.598171 86.253
48.950334 86.234
49.305048 86.210
49.662333 86.184
50.022206 86.154
50.384688 86.122
50.749796 86.086
51.117550 86.047
51.487969 86.005
51.861072 85.960
52.236879 85.912
52.615409 85.861
52.996681 85.808
53.380717 85.752
53.767536 85.693
54.157158 85.632
54.549603 85.569
54.944892 85.503
55.343045 85.435
55.744084 85.365
56.148028 85.294
56.554900 85.221
56.964720 85.146
57.377510 85.071
57.793291 84.995
58.212085 84.918
58.633914 84.842
59.058799 84.766
59.486764 84.692
59.917829 84.619
60.352019 84.549
60.789354 84.482
61.229859 84.419
61.673556 84.360
62.120468 84.308
62.570618 84.262
63.024031 84.223
63.480729 84.193
63.940736 84.171
64.404077 84.158
64.870776 84.155
65.340856 84.161
65.814343 84.178
66.291261 84.204
66.771635 84.239
67.255489 84.284
67.742850 84.336
68.233743 84.397
68.728193 84.464
69.226226 84.538
69.727867 84.617
70.233144 84.700
70.742083 84.787
71.254709 84.877
71.771050 84.968
72.291132 85.061
72.814984 85.154
73.342631 85.248
73.874102 85.340
74.409424 85.432
74.948626 85.523
75.491734 85.612
76.038779 85.699
76.589787 85.784
77.144788 85.866
77.703811 85.946
78.266885 86.023
78.834039 86.098
79.405303 86.170
79.980706 86.238
80.560280 86.304
81.144053 86.367
81.732056 86.427
82.324320 86.484
82.920876 86.537
83.521755 86.588
84.126988 86.635
84.736607 86.679
85.350643 86.720
85.969129 86.758
86.592097 86.792
87.219579 86.823
87.851608 86.851
88.488217 86.876
89.129439 86.897
89.775308 86.915
90.425856 86.930
91.081119 86.941
91.741131 86.949
92.405925 86.955
93.075536 86.957
93.750000 86.957
94.429351 86.954
95.113625 86.949
95.802858 86.941
96.497085 86.931
97.196342 86.920
97.900667 86.906
98.610096 86.891
99.324665 86.875
100.044413 86.858
100.769376 86.839
101.499592 86.819
102.235100 86.798
102.975938 86.777
103.722144 86.754
104.473757 86.730
105.230817 86.706
105.993363 86.680
106.761435 86.654
107.535072 86.627
108.314315 86.599
109.099206 86.571
109.889783 86.542
110.686090 86.514
111.488167 86.485
112.296056 86.456
113.109800 86.427
113.929440 86.399
114.755020 86.373
115.586582 86.347
116.424170 86.323
117.267827 86.302
118.117598 86.282
118.973527 86.265
119.835658 86.251
120.704037 86.241
121.578708 86.233
122.459718 86.229
123.347111 86.229
124.240935 86.232
125.141236 86.238
126.048061 86.248
126.961458 86.260
127.881473 86.275
128.808154 86.292
129.741551 86.310
130.681712 86.330
131.628686 86.350
132.582521 86.370
133.543269 86.390
134.510979 86.408
135.485701 86.426
136.467486 86.441
137.456386 86.453
138.452451 86.463
139.455735 86.470
140.466288 86.472
141.484165 86.471
142.509418 86.465
143.542100 86.454
144.582265 86.438
145.629968 86.417
146.685262 86.391
147.748204 86.360
148.818849 86.324
149.897251 86.284
150.983469 86.240
152.077557 86.194
153.179574 86.146
154.289576 86.096
155.407622 86.048
156.533770 86.001
157.668078 85.958
158.810606 85.920
159.961413 85.888
161.120559 85.862
162.288105 85.845
163.464112 85.836
164.648640 85.835
165.841752 85.842
167.043510 85.856
168.253976 85.877
169.473213 85.902
170.701286 85.931
171.938258 85.961
173.184194 85.992
174.439158 86.021
175.703216 86.047
176.976434 86.069
178.258878 86.086
179.550615 86.097
180.851713 86.101
182.162239 86.099
183.482262 86.090
184.811850 86.075
186.151073 86.053
187.500000 86.026
188.858702 85.995
190.227250 85.960
191.605715 85.922
192.994169 85.882
194.392685 85.842
195.801334 85.802
197.220191 85.765
198.649330 85.730
200.088825 85.699
201.538751 85.673
202.999184 85.653
204.470200 85.639
205.951875 85.631
207.444287 85.631
208.947514 85.638
210.461634 85.651
211.986726 85.670
213.522869 85.696
215.070144 85.726
216.628631 85.761
218.198411 85.800
219.779567 85.842
221.372180 85.886
222.976334 85.932
224.592112 85.979
226.219600 86.026
227.858880 86.072
229.510039 86.116
231.173164 86.157
232.848340 86.194
234.535655 86.225
236.235197 86.250
237.947054 86.268
239.671317 86.277
241.408074 86.276
243.157416 86.265
244.919435 86.243
246.694223 86.210
248.481871 86.166
250.282473 86.111
252.096123 86.047
253.922915 85.974
255.762945 85.895
257.616309 85.811
259.483103 85.724
261.363424 85.638
263.257372 85.554
265.165043 85.475
267.086538 85.404
269.021957 85.341
270.971401 85.289
272.934972 85.249
274.912771 85.220
276.904902 85.202
278.911469 85.195
280.932577 85.198
282.968330 85.210
285.018835 85.228
287.084199 85.252
289.164530 85.281
291.259935 85.312
293.370525 85.344
295.496408 85.376
297.637697 85.407
299.794503 85.435
301.966937 85.460
304.155114 85.480
306.359147 85.495
308.579152 85.505
310.815244 85.509
313.067539 85.508
315.336156 85.501
317.621211 85.488
319.922826 85.470
322.241118 85.447
324.576210 85.419
326.928223 85.387
329.297280 85.352
331.683504 85.315
334.087019 85.276
336.507952 85.237
338.946427 85.198
341.402572 85.162
343.876516 85.128
346.368387 85.098
348.878315 85.072
351.406431 85.050
353.952867 85.033
356.517756 85.020
359.101230 85.009
361.703426 85.001
364.324478 84.995
366.964523 84.989
369.623699 84.983
372.302145 84.978
375.000000 84.971
377.717405 84.964
380.454501 84.955
383.211431 84.945
385.988339 84.933
388.785369 84.919
391.602668 84.902
394.440383 84.884
397.298660 84.863
400.177650 84.841
403.077502 84.818
405.998368 84.794
408.940400 84.772
411.903750 84.750
414.888575 84.731
417.895028 84.715
420.923268 84.701
423.973452 84.691
427.045738 84.683
430.140287 84.679
433.257261 84.676
436.396822 84.676
439.559133 84.677
442.744360 84.679
445.952668 84.683
449.184225 84.687
452.439199 84.692
455.717760 84.697
459.020079 84.701
462.346327 84.704
465.696680 84.705
469.071310 84.702
472.470394 84.696
475.894109 84.685
479.342634 84.670
482.816148 84.650
486.314833 84.625
489.838871 84.596
493.388445 84.565
496.963741 84.532
500.564945 84.498
504.192245 84.464
507.845830 84.430
511.525890 84.397
515.232618 84.364
518.966206 84.330
522.726849 84.297
526.514743 84.262
530.330086 84.227
534.173076 84.191
538.043915 84.154
541.942803 84.116
545.869944 84.077
549.825542 84.038
553.809805 83.997
557.822939 83.956
561.865154 83.914
565.936660 83.870
570.037671 83.824
574.168399 83.776
578.329060 83.724
582.519870 83.669
586.741049 83.611
590.992817 83.550
595.275394 83.487
599.589005 83.423
603.933874 83.359
608.310228 83.295
612.718295 83.235
617.158304 83.177
621.630488 83.125
626.135079 83.076
630.672311 83.034
635.242423 82.996
639.845651 82.964
644.482237 82.937
649.152421 82.915
653.856447 82.896
658.594560 82.880
663.367008 82.865
668.174039 82.850
673.015903 82.832
677.892854 82.810
682.805145 82.782
687.753032 82.746
692.736774 82.701
697.756631 82.646
702.812863 82.581
707.905735 82.506
713.035511 82.421
718.202461 82.328
723.406852 82.228
728.648956 82.122
733.929047 82.014
739.247399 81.907
744.604290 81.804
750.000000 81.708
755.434809 81.623
760.909001 81.552
766.422861 81.495
771.976677 81.453
777.570739 81.423
783.205337 81.403
788.880766 81.390
794.597321 81.380
800.355301 81.369
806.155005 81.354
811.996736 81.334
817.880799 81.306
823.807501 81.271
829.777150 81.229
835.790057 81.182
841.846536 81.131
847.946903 81.079
854.091476 81.027
860.280575 80.976
866.514523 80.928
872.793644 80.883
879.118267 80.840
885.488720 80.799
891.905336 80.760
898.368450 80.721
904.878398 80.680
911.435520 80.638
918.040157 80.592
924.692655 80.541
931.393359 80.486
938.142619 80.427
944.940787 80.364
951.788218 80.298
958.685268 80.232
965.632296 80.168
972.629666 80.107
979.677741 80.053
986.776890 80.007
993.927482 79.969
1001.129891 79.941
1008.384491 79.921
1015.691660 79.909
1023.051781 79.904
1030.465236 79.906
1037.932411 79.913
1045.453698 79.929
1053.029486 79.952
1060.660172 79.986
1068.346153 80.029
1076.087829 80.083
1083.885605 80.146
1091.739887 80.218
1099.651084 80.295
1107.619609 80.377
1115.645878 80.462
1123.730308 80.547
1131.873321 80.631
1140.075341 80.714
1148.336797 80.795
1156.658119 80.873
1165.039741 80.949
1173.482099 81.021
1181.985634 81.092
1190.550789 81.159
1199.178011 81.222
1207.867749 81.282
1216.620457 81.336
1225.436590 81.385
1234.316609 81.426
1243.260976 81.460
1252.270157 81.485
1261.344623 81.503
1270.484846 81.513
1279.691303 81.518
1288.964474 81.516
1298.304842 81.509
1307.712894 81.497
1317.189120 81.480
1326.734016 81.458
1336.348077 81.431
1346.031806 81.398
1355.785708 81.360
1365.610290 81.316
1375.506065 81.269
1385.473549 81.219
1395.513261 81.168
1405.625726 81.120
1415.811469 81.076
1426.071023 81.039
1436.404921 81.013
1446.813703 80.998
1457.297912 80.998
1467.858093 81.011
1478.494798 81.040
1489.208581 81.084
1500.000000 81.143
1510.869618 81.216
1521.818002 81.300
1532.845723 81.394
1543.953355 81.496
1555.141477 81.601
1566.410674 81.707
1577.761531 81.810
1589.194642 81.909
1600.710601 82.002
1612.310010 82.088
1623.993473 82.167
1635.761599 82.240
1647.615002 82.308
1659.554299 82.373
1671.580114 82.437
1683.693072 82.502
1695.893807 82.570
1708.182952 82.643
1720.561150 82.723
1733.029045 82.812
1745.587288 82.913
1758.236533 83.025
1770.977440 83.151
1783.810673 83.291
1796.736900 83.444
1809.756796 83.609
1822.871040 83.784
1836.080315 83.968
1849.385310 84.157
1862.786718 84.349
1876.285239 84.541
1889.881575 84.730
1903.576436 84.913
1917.370535 85.089
1931.264593 85.256
1945.259332 85.411
1959.355483 85.556
1973.553781 85.688
1987.854965 85.808
2002.259781 85.917
2016.768981 86.015
2031.383320 86.104
2046.103561 86.185
2060.930471 86.260
2075.864823 86.331
2090.907395 86.398
2106.058972 86.465
2121.320344 86.531
2136.692305 86.598
2152.175658 86.668
2167.771210 86.741
2183.479774 86.817
2199.302169 86.896
2215.239219 86.977
2231.291755 87.061
2247.460615 87.146
2263.746641 87.230
2280.150683 87.314
2296.673595 87.394
2313.316238 87.471
2330.079481 87.543
2346.964198 87.610
2363.971268 87.669
2381.101578 87.722
2398.356022 87.769
2415.735498 87.809
2433.240913 87.842
2450.873180 87.870
2468.633217 87.894
2486.521951 87.914
2504.540314 87.931
2522.689246 87.946
2540.969692 87.960
2559.382606 87.974
2577.928947 87.988
2596.609683 88.004
2615.425787 88.021
2634.378241 88.040
2653.468031 88.061
2672.696154 88.083
2692.063613 88.106
2711.571415 88.129
2731.220579 88.152
2751.012130 88.174
2770.947098 88.195
2791.026522 88.215
2811.251451 88.234
2831.622938 88.252
2852.142045 88.269
2872.809842 88.285
2893.627406 88.301
2914.595823 88.318
2935.716186 88.334
2956.989596 88.352
2978.417161 88.370
3000.000000 88.390
3021.739237 88.409
3043.636005 88.429
3065.691446 88.449
3087.906710 88.467
3110.282955 88.483
3132.821347 88.498
3155.523062 88.509
3178.389283 88.518
3201.421202 88.523
3224.620020 88.525
3247.986946 88.524
3271.523198 88.520
3295.230004 88.514
3319.108599 88.507
3343.160228 88.499
3367.386145 88.491
3391.787613 88.484
3416.365904 88.477
3441.122300 88.472
3466.058091 88.469
3491.174576 88.469
3516.473066 88.470
3541.954880 88.475
3567.621345 88.482
3593.473800 88.491
3619.513592 88.504
3645.742080 88.518
3672.160630 88.536
3698.770620 88.555
3725.573436 88.576
3752.570477 88.598
3779.763150 88.621
3807.152872 88.644
3834.741071 88.667
3862.529185 88.689
3890.518664 88.710
3918.710966 88.730
3947.107561 88.748
3975.709929 88.765
4004.519563 88.780
4033.537962 88.794
4062.766641 88.807
4092.207123 88.819
4121.860942 88.831
4151.729646 88.842
4181.814790 88.852
4212.117944 88.861
4242.640687 88.869
4273.384610 88.875
4304.351317 88.880
4335.542421 88.884
4366.959549 88.886
4398.604338 88.886
4430.478438 88.885
4462.583511 88.883
4494.921231 88.880
4527.493283 88.876
4560.301365 88.872
4593.347189 88.868
4626.632476 88.863
4660.158962 88.858
4693.928395 88.853
4727.942535 88.846
4762.203156 88.839
4796.712043 88.831
4831.470996 88.820
4866.481826 88.808
4901.746360 88.793
4937.266434 88.775
4973.043902 88.754
5009.080628 88.729
5045.378492 88.700
5081.939384 88.667
5118.765212 88.630
5155.857894 88.590
5193.219366 88.546
5230.851574 88.500
5268.756481 88.451
5306.936062 88.400
5345.392309 88.349
5384.127225 88.297
5423.142830 88.244
5462.441159 88.192
5502.024259 88.139
5541.894195 88.087
5582.053045 88.033
5622.502902 87.979
5663.245876 87.922
5704.284090 87.863
5745.619684 87.801
5787.254813 87.735
5829.191647 87.664
5871.432373 87.588
5913.979192 87.508
5956.834323 87.423
6000.000000 87.333
6043.478473 87.240
6087.272010 87.143
6131.382892 87.045
6175.813420 86.944
6220.565910 86.841
6265.642695 86.738
6311.046124 86.634
6356.778566 86.530
6402.842404 86.426
6449.240040 86.323
6495.973891 86.221
6543.046396 86.120
6590.460007 86.021
6638.217197 85.924
6686.320456 85.829
6734.772290 85.736
6783.575226 85.645
6832.731809 85.556
6882.244600 85.467
6932.116181 85.379
6982.349153 85.289
7032.946133 85.199
7083.909760 85.106
7135.242690 85.011
7186.947600 84.913
7239.027185 84.813
7291.484160 84.711
7344.321260 84.609
7397.541239 84.505
7451.146872 84.402
7505.140954 84.301
7559.526299 84.201
7614.305743 84.103
7669.482141 84.008
7725.058371 83.916
7781.037328 83.827
7837.421932 83.741
7894.215122 83.657
7951.419859 83.574
8009.039125 83.494
8067.075924 83.415
8125.533282 83.336
8184.414245 83.259
8243.721885 83.182
8303.459292 83.105
8363.629581 83.029
8424.235888 82.955
8485.281374 82.883
8546.769221 82.814
8608.702634 82.750
8671.084842 82.692
8733.919097 82.641
8797.208675 82.600
8860.956876 82.568
8925.167022 82.548
8989.842461 82.538
9054.986566 82.540
9120.602731 82.551
9186.694378 82.571
9253.264952 82.600
9320.317925 82.635
9387.856790 82.675
9455.885071 82.720
9524.406312 82.768
9593.424086 82.818
9662.941992 82.870
9732.963653 82.923
9803.492719 82.975
9874.532869 83.026
9946.087805 83.076
10018.161257 83.125
10090.756983 83.172
10163.878768 83.218
10237.530423 83.263
10311.715789 83.309
10386.438732 83.355
10461.703149 83.402
10537.512962 83.452
10613.872125 83.505
10690.784618 83.561
10768.254450 83.622
10846.285661 83.687
10924.882318 83.756
11004.048518 83.831
11083.788390 83.909
11164.106090 83.991
11245.005805 84.077
11326.491752 84.165
11408.568180 84.256
11491.239368 84.350
11574.509626 84.445
11658.383294 84.542
11742.864745 84.640
11827.958384 84.740
11913.668646 84.841
12000.000000 84.943
12086.956947 85.047
12174.544019 85.151
12262.765784 85.257
12351.626840 85.364
12441.131819 85.471
12531.285389 85.579
12622.092249 85.687
12713.557132 85.795
12805.684808 85.902
12898.480079 86.008
12991.947783 86.112
13086.092792 86.215
13180.920015 86.314
13276.434395 86.410
13372.640911 86.502
13469.544580 86.590
13567.150452 86.672
13665.463617 86.748
13764.489200 86.818
13864.232362 86.881
13964.698305 86.937
14065.892266 86.985
14167.819519 87.026
14270.485380 87.058
14373.895200 87.082
14478.054370 87.099
14582.968320 87.108
14688.642520 87.110
14795.082478 87.105
14902.293745 87.095
15010.281908 87.079
15119.052599 87.060
15228.611486 87.038
15338.964283 87.014
15450.116741 86.990
15562.074656 86.967
15674.843864 86.946
15788.430244 86.928
15902.839718 86.914
16018.078250 86.906
16134.151848 86.904
16251.066563 86.909
16368.828491 86.922
16487.443769 86.941
16606.918584 86.968
16727.259161 87.002
16848.471777 87.041
16970.562748 87.086
17093.538442 87.135
17217.405268 87.187
17342.169684 87.241
17467.838194 87.296
17594.417350 87.349
17721.913751 87.401
17850.334044 87.449
17979.684923 87.494
18109.973131 87.534
18241.205462 87.569
18373.388756 87.598
18506.529905 87.622
18640.635849 87.641
18775.713581 87.655
18911.770141 87.665
19048.812624 87.672
19186.848172 87.676
19325.883983 87.678
19465.927305 87.679
19606.985439 87.679
19749.065738 87.679
19892.175609 87.679
20036.322514 87.679
